V1	V2	V3	V4
CENPK1137D_4754	0.000166117946973815	0.000178719896805918	0.000174665534934163	0.000121342361931058
CENPK1137D_3314	2.50010997480508e-05	2.79198882142288e-05	3.30314824163269e-05	6.06424242323438e-05
CENPK1137D_5104	7.83840696230143e-05	7.77144577717475e-05	0.000103395483827907	3.83912748803167e-05
CENPK1137D_230	0.000240089586182273	0.000153227077414036	0.000104652363289879	0.000147647041756305
CENPK1137D_1679	0.000248024747944669	0.000169403868907259	0.000120501166800604	0.000171891131601118
CENPK1137D_3852	0.000103943496679177	0.000140297222611578	0.000123986765546291	6.82855391384713e-05
CENPK1137D_1107 CENPK1137D_5109	0.000280601090655192	0.00032721814335838	0.000242070410735927	0.000194254517093343
CENPK1137D_3804	3.11032851194771e-05	4.62390941118951e-05	2.71112007056179e-05	0.000188877548440464
CENPK1137D_1639	0.000255700358418041	0.000235110382491895	0.000248052066443245	0.000481783130362269
CENPK1137D_5141	1.859772015127e-05	3.23450610739611e-05	2.27777034840503e-05	0.000110211206311177
CENPK1137D_2390	0.000147232109145137	0.00011764837096963	0.000251834482075954	0.000233110077950335
CENPK1137D_3141	6.61873485993235e-05	3.45043251131001e-05	5.56377830774452e-05	9.06934945004819e-06
CENPK1137D_2676	0.000181990602708029	0.000214828761575896	0.000185913049281354	0.000355848903620219
CENPK1137D_4617	0.000462712125041795	0.00046630237094477	0.000493204153055746	0.000231465533100631
CENPK1137D_5411	6.59446914876085e-05	4.15088222565357e-05	4.90058913847146e-05	7.05594445979169e-06
CENPK1137D_3054	9.03008434633652e-06	4.23452865900114e-06	2.71069793440387e-05	4.82540919000252e-05
CENPK1137D_3368	0.00065750708102774	0.000712547849210179	0.000626479751035558	0.000272124575451905
CENPK1137D_673	0.000155916919516955	0.000172413295184933	0.000153364262560101	9.46841039235996e-05
CENPK1137D_4319	1.91902008551896e-05	1.31243510482759e-05	3.42266210936874e-05	2.67847310472913e-05
CENPK1137D_3199	0.00013556586549177	5.69656858674208e-05	0.000134286793056923	0.000160238684795874
CENPK1137D_3646	2.64547202599417e-05	4.01267759408109e-05	3.21943766549734e-05	5.83720963818995e-06
CENPK1137D_5006	4.85289963858149e-05	5.39418155733863e-05	3.75957020221922e-05	0.000145398830779288
CENPK1137D_1962	0.000167263398079538	0.000128587172878405	0.000135691394455363	7.51241504998365e-05
CENPK1137D_1403	6.76758476967037e-05	4.8499192557366e-05	6.04623900764182e-05	3.37990559665587e-05
CENPK1137D_1415	0.000264674599842043	0.000258121895029568	0.000262351807338768	0.000403201568354018
CENPK1137D_1851	3.13028617932897e-05	3.39613585335021e-05	3.83003763390372e-05	1.00451447033179e-05
CENPK1137D_3503	0.000255352883735138	0.00018658323208335	0.000220207993832034	0.000190311120713078
CENPK1137D_4663	4.62220898083361e-05	6.01708932766062e-05	5.96298378247227e-05	0.000111690650229558
CENPK1137D_4473	3.95160091152111e-05	3.76030193031199e-05	7.46106116914374e-05	0.000150058556421558
CENPK1137D_1055	6.45177900504669e-05	7.4972886334334e-05	6.24606427109989e-05	1.15438243282104e-05
CENPK1137D_4500	3.1060546607918e-05	5.10772274927536e-05	3.67100528606014e-05	9.37558070644734e-05
CENPK1137D_3469	2.18839496641888e-05	2.4489495388026e-05	2.67204510303253e-05	8.96063524130687e-05
CENPK1137D_3477	7.46019994667573e-05	5.58333077529319e-05	6.70710565383753e-05	3.88154297429932e-05
CENPK1137D_4927	3.87074103257308e-05	4.23942853118302e-05	9.52139288634409e-05	6.18933061817238e-05
CENPK1137D_4778	2.87144658309283e-05	1.83546038305025e-05	3.21337212169945e-05	6.24531535504363e-05
CENPK1137D_1274	0.000151692605794681	0.000123177169333108	0.000120582739797886	7.61214676697844e-05
CENPK1137D_2642	8.66211716173936e-05	8.66105185668054e-05	8.26081162230108e-05	0.000167297082848606
CENPK1137D_20	0.00014944505421652	0.000106075342131648	0.000125522671959071	7.80181642040773e-05
CENPK1137D_2964	6.28436278860887e-05	6.95071723099999e-05	7.05686576968692e-05	0.000112544705855073
CENPK1137D_3741	2.14310688746149e-05	2.36268553376786e-05	2.38630993628022e-05	3.04417960454649e-06
CENPK1137D_945	0.000362127429883198	0.000317122945131082	0.000352898659541699	0.000484119443062151
CENPK1137D_25	1.66969576080147e-05	1.02862751689289e-05	2.04911434281635e-05	5.40795470389664e-05
CENPK1137D_1876	8.36095544608727e-06	1.41990784197985e-05	9.14388782162238e-06	2.90352618946913e-06
CENPK1137D_3146	0.000166968146169519	0.000135996806435566	0.000113530837971751	9.13452929226461e-05
CENPK1137D_4507	2.59445398016997e-05	5.73930457586359e-05	2.46698676880095e-05	8.83947415151946e-06
CENPK1137D_5284	2.40954690451065e-05	2.49998737399975e-05	1.39527270836544e-05	4.04286226655462e-06
CENPK1137D_1594	0.000151152331903644	0.000147230971844806	0.000127731218373532	0.000204696847567876
CENPK1137D_624	0.000119502040504099	8.71315578905865e-05	0.000100731957959137	0.00012333683266571
CENPK1137D_1993	2.5942755834105e-05	2.5962432465947e-05	4.00244841972019e-05	7.48654987474413e-05
CENPK1137D_2190	4.98089601631716e-05	8.57564399421997e-05	7.25970585320272e-05	2.99565510024111e-05
CENPK1137D_1	4.19436056571343e-05	3.07048111761546e-05	6.10452459845953e-05	8.55914181286923e-05
CENPK1137D_2713	0.000115424813868301	0.000176749488461674	0.000175787914991508	4.51146441512783e-05
CENPK1137D_2662	3.89374017146119e-05	3.96146850629202e-05	3.29239126012807e-05	2.00282634132753e-05
CENPK1137D_1157	0.000136023063086638	9.87589506848331e-05	0.000137158142002974	0.000197885264343517
CENPK1137D_232	1.04477851385683e-05	1.86026803358225e-05	1.58845532808928e-05	5.33736633268646e-06
CENPK1137D_1398	0.000222748026330208	0.000319541338440964	0.00025713920023953	0.000150434540280979
CENPK1137D_808	6.79276583479443e-05	7.45579023419439e-05	5.42916922819262e-05	3.20102692973357e-05
CENPK1137D_3299	9.97429674355966e-05	8.76426900750881e-05	8.11508377447681e-05	0.000143792958584075
CENPK1137D_4858	2.32981682901611e-05	2.45565189822475e-05	3.03622263487265e-05	5.54929329499781e-05
CENPK1137D_3977	0.000356456844883323	0.000483000669938219	0.000357814753773766	0.000275434051222509
CENPK1137D_40	1.70307247906005e-05	1.01034107408652e-05	1.16918232812308e-05	3.32354029139407e-05
CENPK1137D_225	1.93840656199654e-05	9.05794216896516e-06	1.51142072620416e-05	8.32420596124635e-06
CENPK1137D_3886	2.41960941027812e-05	3.13640720461371e-05	1.75782256419087e-05	1.42923053809823e-05
CENPK1137D_2402	0.000102313005318511	0.000149231521429809	0.0001133219889524	7.69895347258167e-05
CENPK1137D_1902	6.32813497043611e-05	4.08817838686019e-05	3.97733005578262e-05	9.80003274169661e-06
CENPK1137D_382	4.57777379990175e-05	4.74600575849516e-05	3.95055691022489e-05	8.0086196821962e-05
CENPK1137D_2071	5.43500875808683e-05	6.66210473947486e-05	5.56992338147474e-05	0.000140753890807129
CENPK1137D_5118	2.51802537400192e-05	0.000106904736148303	5.09265420579688e-05	5.60416358433187e-05
CENPK1137D_3802	7.68200511524515e-06	6.02320755417581e-06	5.06656561912344e-06	2.05951708555619e-05
CENPK1137D_2246	7.97916519273361e-05	8.31993046947129e-05	7.70561408872847e-05	4.39630389445818e-05
CENPK1137D_2409	0.000300785023318005	0.000411345524626605	0.000370444810319165	0.00022106978262944
CENPK1137D_3353	5.33845015756954e-05	4.20002100691707e-05	5.25908784811946e-05	8.9597655890866e-05
CENPK1137D_2623	0.000240401596523857	0.000281324228838636	0.000228657671272504	0.000180435188644453
CENPK1137D_1527	1.45304675812454e-05	1.09668182281449e-05	3.41943301464144e-05	1.32874547782489e-05
CENPK1137D_2945	7.5824020186918e-05	4.91019106245422e-05	5.75817318584069e-05	5.90220869505891e-05
CENPK1137D_2104	7.18400933617198e-05	5.6035057351804e-05	6.56603276140764e-05	3.79685319964459e-05
CENPK1137D_2677	3.8707630303856e-05	2.87982835987481e-05	3.59407323140922e-05	1.03421334863287e-05
CENPK1137D_2575	0.000113860022160084	8.98242666034606e-05	8.92665866948742e-05	8.35781909750993e-05
CENPK1137D_3006	0.000240809991603175	0.00023935625021276	0.000211375150394834	0.000107584915862753
CENPK1137D_1774	0.000105603762330536	7.52119665172715e-05	9.49211585366492e-05	0.000106509883671889
CENPK1137D_269	1.49703691116775e-05	8.07636445092181e-06	1.42161199147413e-05	1.06539087347902e-05
CENPK1137D_136	3.93612850942744e-05	6.73088784894178e-05	5.63292151100853e-05	3.66567479276035e-05
CENPK1137D_363	5.74060674281152e-05	3.57797949654563e-05	5.94719739734517e-05	8.06975999267562e-05
CENPK1137D_3610	4.35545464564568e-05	4.43134128823646e-05	4.5501470914029e-05	7.84325249269639e-05
CENPK1137D_3268	4.6786032742287e-06	4.66019921675128e-06	6.94853902411845e-06	9.70259047795367e-06
CENPK1137D_206	5.66107678821728e-05	5.58490700036358e-05	7.56398779614957e-05	0.000107461587356285
CENPK1137D_3481	5.17923923381455e-05	4.28937015562029e-05	3.75966514680765e-05	2.67745669688638e-05
CENPK1137D_3701	0.000114299685524504	0.000150254703126418	0.000121636340976371	8.50117181808516e-05
CENPK1137D_4769	1.94730320646059e-05	2.57818997830267e-05	1.19213308685258e-05	9.27400202877054e-06
CENPK1137D_3854	1.27556252749297e-05	1.5229648720669e-05	1.94717704360514e-05	3.94587186404469e-05
CENPK1137D_1819	3.74679517316144e-05	5.53878184214745e-05	4.86733752471514e-05	2.36723876461404e-05
CENPK1137D_1697	0.000127858551054202	0.000128444905453161	0.000129757550620191	8.75514609203375e-05
CENPK1137D_1444	4.2146554670976e-05	4.77917511925096e-05	4.88707262638465e-05	2.29604725538703e-05
CENPK1137D_4730	2.50827269042287e-05	8.89080785203821e-06	2.18084888039515e-05	1.65252685631641e-05
CENPK1137D_4894	7.13259740463115e-06	8.48316880221784e-06	4.14667965919397e-06	2.55326036402764e-06
CENPK1137D_3979	0.000102527069487274	8.68993093529374e-05	7.08039497753155e-05	6.95397140119364e-05
CENPK1137D_2580	6.25971273867172e-05	8.55624078301208e-05	4.75539922412466e-05	4.73008326644946e-05
CENPK1137D_699	0.000141088433091641	0.000113289362240683	0.000113912754597864	5.24542989662408e-05
CENPK1137D_1837	5.63051443302462e-05	4.21047067103693e-05	5.7049142115953e-05	4.02483853958063e-05
CENPK1137D_235	2.42411946339101e-05	4.13559576544739e-05	3.00004414572128e-05	2.60689557111834e-05
CENPK1137D_4346	5.20758557977177e-05	3.85093304458275e-05	4.34080254209131e-05	1.2195596300778e-05
CENPK1137D_4353	1.16007256512528e-05	1.68058982160802e-05	1.11494639871483e-05	3.07962890706373e-05
CENPK1137D_384	6.39699512067322e-05	4.36430172592513e-05	5.73982311761708e-05	4.49365373633424e-05
CENPK1137D_1707	3.11134500986269e-05	4.37334783369803e-05	5.02040307588682e-05	2.93307220578789e-05
CENPK1137D_2919	1.84572808826253e-05	6.37591845639673e-06	1.66643751633821e-05	1.37254284551057e-05
CENPK1137D_1737	3.36369445326223e-05	2.09080080210794e-05	4.34953601953341e-05	4.6320063850326e-05
CENPK1137D_1214	6.62600388873622e-05	4.14545711169541e-05	6.24878523826274e-05	4.36075722126771e-05
CENPK1137D_3391	1.20647496122363e-05	5.83885281886622e-06	7.84709670628002e-06	1.57900681500163e-05
CENPK1137D_583	8.27769874050149e-06	1.5451239026995e-05	1.02285450158276e-05	3.9756629173804e-06
CENPK1137D_2232	5.36348347622906e-05	2.22235763977175e-05	5.25017760901848e-05	3.30066039331331e-05
CENPK1137D_3841	5.31546385648791e-05	5.23855781513114e-05	4.6754348548383e-05	2.97831907439812e-05
CENPK1137D_3139	1.30179956719739e-05	4.70531665005189e-06	1.58854304964103e-05	2.011315934216e-05
CENPK1137D_1151	3.80276183177734e-05	4.78073673451929e-05	4.36653837235478e-05	3.04070389793342e-05
CENPK1137D_3097	4.56183031108404e-05	5.32646632633465e-05	5.07619594177672e-05	3.52846100023376e-05
CENPK1137D_2563	4.78951801052138e-05	5.2277021403384e-05	5.62970379863677e-05	3.4348353989701e-05
CENPK1137D_2793	2.04156921048686e-05	1.19162456554268e-05	1.46027773723815e-05	2.33635703629555e-05
CENPK1137D_4047	0.000249290938951716	0.000240953738099981	0.000224224762908176	0.000162680771979163
CENPK1137D_5234	5.54236981938891e-05	0.000119888337832842	0.000126515405025932	7.26528537817496e-05
CENPK1137D_44	1.50178148582492e-05	5.12412278131483e-06	1.52102723532625e-05	1.3011093888669e-05
CENPK1137D_3678	8.95550622006608e-06	2.41533529620571e-05	1.78009290563186e-05	9.13090637330558e-06
CENPK1137D_3209	1.00950766095914e-05	1.89380692699057e-05	1.07577763145772e-05	4.21744877513818e-05
CENPK1137D_633	1.56012616357314e-05	2.14170822895595e-05	2.15480671828609e-05	1.04448588458106e-05
CENPK1137D_899	3.84980043598274e-05	3.51900113906806e-05	3.04325589846212e-05	2.14880822584899e-05
CENPK1137D_5151	4.11457843072378e-06	5.20776053767477e-06	5.65317776933842e-06	1.30372943316759e-05
CENPK1137D_5399	2.88319976496338e-05	1.8375085139942e-05	2.87167497777462e-05	1.78068185453566e-05
CENPK1137D_2476	7.73573362903752e-05	0.000122618011059523	0.000102282619818493	6.59876131029102e-05
CENPK1137D_619	1.2525935473857e-05	4.20118657979629e-06	1.20743526372583e-05	4.18733019193417e-06
CENPK1137D_62	4.3484367137798e-05	5.23868566594576e-05	5.51274668183162e-05	3.77224874063179e-05
CENPK1137D_3336	0.000114507614410116	7.56315143610913e-05	9.31466346178499e-05	8.69176227474599e-05
CENPK1137D_3	0.00026901334541731	0.000208473596917931	0.000188886748683472	0.000209738438430046
CENPK1137D_1913	1.26641730319462e-05	6.46105511921744e-06	1.14997299366875e-05	4.55085012601746e-06
CENPK1137D_4080	6.65521335528479e-05	6.46692743211175e-05	5.76694956992583e-05	4.5233659976197e-05
CENPK1137D_3279	2.04241484566793e-05	1.33761099156679e-05	1.25755702340053e-05	7.9451293054216e-06
CENPK1137D_3305	2.94232160114957e-05	2.92245492791213e-05	2.66795992322292e-05	1.98589818746186e-05
CENPK1137D_455	1.0244385641389e-05	1.88449501782294e-05	1.12568369340068e-05	8.14199252549415e-06
CENPK1137D_2372	2.56539240856168e-05	1.42455455669116e-05	1.7234946104385e-05	1.66828730679461e-05
CENPK1137D_1466	8.77032884973652e-05	6.58078637217071e-05	7.24968666476611e-05	6.17234532276022e-05
CENPK1137D_4208	8.3064815630222e-05	8.08343070213205e-05	6.76340713383513e-05	0.000107188299438204
CENPK1137D_5219	1.56316013606332e-06	1.3305687511759e-06	3.99411698510361e-06	2.85206332718007e-06
CENPK1137D_80	1.5103451849859e-05	8.0385089360681e-06	1.68959071017756e-05	1.36863373988399e-05
CENPK1137D_2661	0.00022944683531363	0.000323217206527804	0.000274507727580681	0.000178730579317592
CENPK1137D_674	2.70204194985112e-05	2.61998599375218e-05	1.65586506712963e-05	3.78176950528549e-05
CENPK1137D_4405	6.43596911695598e-05	5.99625924683551e-05	4.56544437503333e-05	3.29931551239471e-05
CENPK1137D_1399	0.000112395707028433	0.000117273265107188	0.000101535449740559	8.17462712204864e-05
CENPK1137D_3443	6.56341881781788e-05	6.75852836578355e-05	6.58572731169281e-05	3.31829227122213e-05
CENPK1137D_3653	1.87881542302892e-05	1.134320376545e-05	2.36740076189309e-05	1.13660443468886e-05
CENPK1137D_4400	1.86733457860848e-05	1.57959086012981e-05	1.97086635126421e-05	3.05327639325685e-05
CENPK1137D_3856	7.41684952324904e-05	6.1441618080082e-05	6.36168839328903e-05	4.869982182876e-05
CENPK1137D_5249	4.10971767331312e-05	5.99377604993707e-05	4.77923251038258e-05	7.89705771789874e-05
CENPK1137D_1581	9.46400031380689e-06	1.39644348966968e-05	6.84250650962826e-06	4.6848831877118e-06
CENPK1137D_3367	1.86943003992655e-05	2.76589089481137e-05	1.16245563175898e-05	2.09532798884496e-05
CENPK1137D_4996	3.04941634745814e-06	6.46080005538884e-06	2.97230280469857e-06	1.71042625423799e-06
CENPK1137D_134	5.86311225289872e-06	1.07138739984826e-05	5.18515813210672e-06	3.06349829060933e-06
CENPK1137D_2549	9.4485772616448e-06	1.3694061216551e-05	8.60707463878026e-06	2.68295986722207e-05
CENPK1137D_3125	5.35438807252235e-05	3.82823644579408e-05	5.38157320005889e-05	6.60072568213712e-05
CENPK1137D_3565	3.94849365969383e-06	3.79727308600679e-06	5.5576141714405e-06	9.92172377971581e-06
CENPK1137D_1620	0.000141562341967002	8.97079823201302e-05	0.000100149124766786	0.000125659967520353
CENPK1137D_3361	2.09444835142544e-05	1.03297399863168e-05	1.99288370117564e-05	4.18623291080664e-05
CENPK1137D_2897	9.21430156373713e-06	4.76021502050861e-06	1.41840831754125e-05	6.96602608594441e-06
CENPK1137D_1220	5.15695739642731e-06	9.62764435946296e-06	3.21440680764297e-06	3.90149360686576e-06
CENPK1137D_5444	1.91423610829683e-05	1.99184278505762e-05	1.92150930312022e-05	1.15691750266295e-05
CENPK1137D_1397	1.20153436004283e-05	2.3865684773013e-05	1.56687412043657e-05	1.05195726839154e-05
CENPK1137D_447	0.000110344287157644	5.76688185065494e-05	7.12531504729156e-05	7.83109998401439e-05
CENPK1137D_1077	1.67505645721e-05	1.9449252267833e-05	1.98966008575658e-05	1.05024451732515e-05
CENPK1137D_259	1.93617963784134e-05	1.65695507665353e-05	7.9374176608073e-06	1.27904068065711e-05
CENPK1137D_3068	9.43363636085404e-06	1.62462604155439e-05	6.10848711365774e-06	7.90794998916763e-06
CENPK1137D_2153	4.89365509388364e-05	4.99953352050972e-05	4.66138953577582e-05	7.6723982767952e-05
CENPK1137D_4822	5.2015690164662e-05	4.19693637243828e-05	4.78410927825031e-05	3.5715079087899e-05
CENPK1137D_378	2.68361217208752e-05	1.6544754270653e-05	2.2549443302899e-05	3.37316263496689e-05
CENPK1137D_4601	2.05958571745106e-05	2.58259732664981e-05	1.94153165385797e-05	1.14116167379071e-05
CENPK1137D_1688	5.65598263498473e-06	3.03770248783353e-06	7.65384813155378e-06	5.35164635291981e-06
CENPK1137D_4815	3.40702511722684e-05	3.09373111190759e-05	1.80827441136103e-05	1.53609412891669e-05
CENPK1137D_3310	1.07348361109199e-05	3.31945660763467e-06	6.33711908944549e-06	1.29639742742282e-05
CENPK1137D_4925	0.000283266350709448	0.000278994004817397	0.000245386513383572	0.000206811656358067
CENPK1137D_2801	5.90097699070678e-05	6.75967761148996e-05	4.8143733727652e-05	4.51714380564943e-05
CENPK1137D_1233	9.67292273689588e-06	2.00953059167549e-05	9.09301922396899e-06	5.41972168655024e-06
CENPK1137D_4660	4.90031861924448e-06	1.00900364194908e-05	1.21364082152314e-05	8.45442415933585e-06
CENPK1137D_1726	5.88201381414541e-06	9.48823880677354e-06	8.41277523941975e-06	1.5358041663991e-05
CENPK1137D_4625	9.08879964297983e-06	1.52718324171851e-05	1.34626778656489e-05	2.11715259243058e-05
CENPK1137D_4280	7.958531846081e-05	7.5239205649635e-05	6.11387811479435e-05	4.35351070673365e-05
CENPK1137D_5294	2.14595289836694e-05	2.73531998016792e-05	2.1888218365606e-05	1.23223491818586e-05
CENPK1137D_3752	0.000252878875351303	0.000174347389164626	0.000203477780932581	0.000206724112427144
CENPK1137D_2792	1.78947483038505e-05	7.81575507398429e-06	1.79739970892532e-05	1.98667467154168e-05
CENPK1137D_2502	1.63608125207806e-05	1.47235274640908e-05	1.77848088035598e-05	3.37178778896125e-05
CENPK1137D_2105	6.78847140235239e-06	4.51960193083488e-06	7.2920063148211e-06	3.50813580890206e-06
CENPK1137D_1935	1.14519784619115e-05	1.82045045251809e-05	1.55363233702487e-05	9.19667571270372e-06
CENPK1137D_1138	2.05817487424987e-05	1.43285335327332e-05	1.99660880924588e-05	3.16640204904387e-05
CENPK1137D_700	6.50353841141434e-06	1.09496691266519e-05	1.0594799996498e-05	2.04943322244153e-05
CENPK1137D_557	0.000111322756093732	0.000112677396614271	0.000100056773574418	7.46420998160259e-05
CENPK1137D_4742	0.000152550880594222	0.000103895593301326	0.000112939561280087	0.000143484916436721
CENPK1137D_882	1.14093489553137e-05	4.41895782186294e-06	5.41596164933611e-06	7.41001971069054e-06
CENPK1137D_4183	1.05345520721131e-05	1.18509050077266e-05	1.19195322554435e-05	4.37537049973822e-06
CENPK1137D_5143	4.10134803511448e-05	2.30627322165036e-05	3.37109113521354e-05	3.52184879210821e-05
CENPK1137D_1564	1.53618228927041e-05	2.21816766031741e-05	2.24752501502013e-05	3.84299235406209e-05
CENPK1137D_2643	2.84749362119225e-05	2.03277131769045e-05	1.94092673750905e-05	9.26732862631679e-06
CENPK1137D_5166	9.5669731318629e-05	8.8435945873209e-05	6.74966599020036e-05	8.83314443892153e-05
CENPK1137D_1016	2.22288771927298e-05	1.37295505084153e-05	7.34741179359085e-06	2.02786477708291e-05
CENPK1137D_2820	3.73022128599979e-05	3.5407886069338e-05	3.93286528203045e-05	2.51762304025144e-05
CENPK1137D_114	6.04045888766268e-05	7.92738289147747e-05	5.02367581397211e-05	7.89185656436471e-05
CENPK1137D_377	1.22114657265068e-05	9.08274840214081e-06	1.51404555269117e-05	1.01099359951856e-05
CENPK1137D_2840	9.77136993804352e-05	6.06271513605737e-05	7.9191155031037e-05	8.48901942443921e-05
CENPK1137D_1742	3.54877661643776e-05	2.59483978722579e-05	2.49287776726128e-05	4.2602881296836e-05
CENPK1137D_2239	1.21865750691865e-05	5.28263575847472e-06	1.78454683623217e-05	9.49994020568303e-06
CENPK1137D_4525	2.56123470993674e-05	2.57064434444833e-05	2.25329141697815e-05	1.74041350370997e-05
CENPK1137D_2300	0.000193960441197006	0.000158797698020881	0.000184669546517379	0.000141663656788293
CENPK1137D_1096	5.98570010478446e-06	5.66124881490797e-06	6.90969969957551e-06	1.3577665091604e-05
CENPK1137D_3642	3.34457357039149e-06	9.03663323312523e-06	2.80208177817282e-06	2.94101049778316e-06
CENPK1137D_906	1.39938094482028e-05	1.20111106035321e-05	6.57169599133166e-06	2.42419173117538e-05
CENPK1137D_5259	1.71258135202595e-05	1.73597326161114e-05	1.03439676007219e-05	9.20626471652389e-06
CENPK1137D_898	3.21438253381135e-05	3.88873806665616e-05	3.39948718636056e-05	2.52386280014503e-05
CENPK1137D_1163	2.99583528969974e-05	2.65255669049887e-05	2.8652067540678e-05	1.94659130626169e-05
CENPK1137D_3355	2.64880521445808e-05	2.67821902987156e-05	1.37562111375739e-05	1.55215395963706e-05
CENPK1137D_609	8.76081439403693e-06	2.15074727432643e-05	1.80957429033101e-05	2.06899780660757e-05
CENPK1137D_5240	2.72970386185639e-05	4.37857197405208e-05	3.30030667067382e-05	2.74170212147158e-05
CENPK1137D_1572	3.08776481637957e-05	2.32887460043012e-05	2.73776710787027e-05	1.42705920277063e-05
CENPK1137D_5390	2.10838034593017e-05	1.42425197695995e-05	2.67911294980223e-05	2.62830513854806e-05
CENPK1137D_3671	3.51706789652476e-05	2.94617900566907e-05	3.77912791265847e-05	4.42706971834517e-05
CENPK1137D_2357	1.08875757850092e-05	9.36646833743723e-06	1.33582561418673e-05	1.47857140516223e-05
CENPK1137D_2845	1.53713097004736e-05	6.37923429832037e-06	1.20836122131855e-05	1.26755192294172e-05
CENPK1137D_2141	5.62051487710593e-06	1.25836813195418e-05	1.09542869256422e-05	1.67070329302883e-05
CENPK1137D_287	3.4885152551392e-05	4.10958586332589e-05	3.08679451058406e-05	2.71039969639355e-05
CENPK1137D_5181	1.36937255994236e-05	9.69816025082489e-06	1.1817259400086e-05	2.49627373447368e-05
CENPK1137D_2266	3.71157054228465e-05	4.3427329534893e-05	3.58616423487564e-05	2.29845267376023e-05
CENPK1137D_1669	8.97245854027734e-06	9.88302548359604e-06	6.42860444481e-06	4.77362135603848e-06
CENPK1137D_5314	6.29627182426734e-05	5.4109171918708e-05	4.42760608350196e-05	4.08184734147082e-05
CENPK1137D_2508	2.41638393025021e-05	3.8860764150837e-05	3.50524937555168e-05	2.22087230538774e-05
CENPK1137D_4180	2.23810520852788e-05	1.41059154999215e-05	1.95545230888198e-05	1.18378877032208e-05
CENPK1137D_1181	1.07158033709003e-05	7.32834549997269e-06	5.12303496070766e-06	1.08661327265325e-05
CENPK1137D_776	0.000238834341258568	0.000174347389164626	0.000196709187788205	0.000203281619135656
CENPK1137D_4343	3.58902284073312e-05	4.34081742639452e-05	3.06568644939183e-05	5.08929708617652e-05
CENPK1137D_3683	3.49123091326026e-05	3.25538359789966e-05	2.44451409465451e-05	4.03665350619582e-05
CENPK1137D_3860	2.37393089548499e-05	1.03868447153095e-05	9.75689657540539e-06	1.81994341232564e-05
CENPK1137D_4075	6.89798783665197e-05	6.17015171272052e-05	6.49775957560758e-05	4.79631292204866e-05
CENPK1137D_3624	9.26425784973221e-06	1.10856738923694e-05	9.96172283487284e-06	1.60793085960449e-05
CENPK1137D_2236	1.23063500023292e-05	2.39010131648391e-05	1.45386609240035e-05	7.728602363834e-06
CENPK1137D_2281	7.53850850485949e-06	1.56116116948544e-05	1.4633043360441e-05	8.4239650322545e-06
CENPK1137D_4193	3.66157206790337e-05	3.8363403962605e-05	4.62446733164614e-05	6.13309287402709e-05
CENPK1137D_3661	1.90282022984411e-05	1.15626663416137e-05	1.7917421005672e-05	2.29090622096377e-05
CENPK1137D_2619	1.37146673254759e-05	9.11911577289709e-06	1.58720714699467e-05	1.86057699665499e-05
CENPK1137D_1412	6.38305921328512e-06	9.08488225630721e-06	1.46560253118808e-05	1.53393267726971e-05
CENPK1137D_1859	1.55300489556681e-05	4.76933420637165e-06	1.20900984406161e-05	1.41551154291994e-05
CENPK1137D_5254	1.4974272482904e-05	7.30401694591656e-06	1.26777329309526e-05	1.40265894668679e-05
CENPK1137D_1583	4.22293838764905e-05	3.72239436803484e-05	2.83209661246534e-05	2.55221845619541e-05
CENPK1137D_3643	2.46779438935336e-05	3.2248606939456e-05	3.02248453350685e-05	1.25617045828051e-05
CENPK1137D_3185	6.04131788527811e-06	6.34346840127673e-06	6.4537062406374e-06	1.13962467929915e-05
CENPK1137D_4524	0.000132276430246614	0.000120312829256992	9.56242782295133e-05	0.000157480945519987
CENPK1137D_543	1.04309084801613e-05	6.80956946303983e-06	3.39964359724733e-06	6.93162871938903e-06
CENPK1137D_4048	0.000156122739497911	0.000119328648650064	0.000115598552555843	0.000111762088941959
CENPK1137D_1442	3.25648676672819e-05	2.27293449440433e-05	3.33697679169451e-05	1.93751338088269e-05
CENPK1137D_1677	7.6387684265732e-06	5.68400104047032e-06	8.88157821278797e-06	1.3180533249867e-05
CENPK1137D_718	1.58872008755164e-05	1.08980818262849e-05	2.10405976332292e-05	2.61875191688147e-05
CENPK1137D_4185	1.18180934915918e-05	1.45277796239496e-05	1.38528859304427e-05	2.7439221244196e-05
CENPK1137D_2088	2.18352768148199e-06	6.81809179476039e-06	6.39694534545707e-06	3.63010029749317e-06
CENPK1137D_1003	8.20788053070598e-06	1.81881199724129e-05	1.18447738515745e-05	1.22258204302344e-05
CENPK1137D_4904	1.40135110157544e-05	2.06918126357022e-05	2.00294185202028e-05	2.4335649784888e-05
CENPK1137D_4342	1.15412151786534e-05	1.23711772411912e-05	8.80226337239272e-06	2.01270573925007e-05
CENPK1137D_5409	1.17495013929094e-05	8.80243950990725e-06	1.17063221949418e-05	5.23572158292284e-06
CENPK1137D_2541	3.24432662670736e-05	3.10641620028004e-05	2.14819594370536e-05	2.52834519785743e-05
CENPK1137D_275	2.17329762509661e-05	2.2864941560774e-05	1.61813339114789e-05	1.20394875995943e-05
CENPK1137D_2565	7.35258375095898e-06	1.11698939588475e-05	1.22386129315681e-05	5.67686960686604e-06
CENPK1137D_4571	6.59597995556459e-05	8.25001051140875e-05	5.74921472031007e-05	3.65790606635747e-05
CENPK1137D_2544	0.000130054543910429	0.00010203368360677	0.00013025433574116	8.92722474799652e-05
CENPK1137D_4550	9.00981911747196e-06	1.82826086851113e-05	1.48724088905145e-05	9.86043340365348e-06
CENPK1137D_1316	3.03805428074056e-05	3.61302308263996e-05	3.92625174916542e-05	5.41184415282805e-05
CENPK1137D_3462	8.38683362914677e-05	5.37136098925226e-05	5.82578027203391e-05	9.14894136248713e-05
CENPK1137D_3048	3.00516105278432e-05	3.39884760152217e-05	3.21001554151231e-05	5.8017986003969e-05
CENPK1137D_1877	3.64632832042636e-05	3.06177651839789e-05	2.7270189689948e-05	2.13657114203484e-05
CENPK1137D_3262	4.36126393462992e-06	3.67879551781023e-06	7.73425559444185e-06	5.67633243184493e-06
CENPK1137D_109	4.98883601079358e-05	4.6295465411221e-05	4.09872741544061e-05	3.22808527583009e-05
CENPK1137D_3153	7.10261581388713e-06	6.8386648579243e-06	2.31728932582545e-06	7.41415176241985e-06
CENPK1137D_4042	8.919595391192e-06	4.35243436315734e-06	1.36640679905752e-05	1.30083700816348e-05
CENPK1137D_4372	1.21133143757606e-05	2.06207536876224e-05	9.5382849806042e-06	1.45045331582362e-05
CENPK1137D_184	1.01739707134406e-05	1.36528080547436e-05	9.65643031391922e-06	4.43971721720143e-06
CENPK1137D_4013	2.69991284777624e-05	2.26995712238245e-05	1.9317038299609e-05	3.16010383245761e-05
CENPK1137D_2062	3.95227801567074e-05	5.30452661697122e-05	3.22381238790158e-05	3.99297072414489e-05
CENPK1137D_2468	9.46227017274906e-06	1.24915101392945e-05	9.59327366237828e-06	6.08019280597491e-06
CENPK1137D_1079	1.36710395833131e-05	7.78024015724845e-06	1.12579094338854e-05	8.99320120355256e-06
CENPK1137D_2216	4.98825062146954e-06	1.41532263656195e-05	8.15878950134379e-06	1.13733976515939e-05
CENPK1137D_711	9.49086453894782e-06	9.32144359144827e-06	1.14694369717819e-05	7.88442262288799e-06
CENPK1137D_5155	7.50395093893461e-06	1.48061134886344e-05	9.7634992151206e-06	1.51559056555407e-05
CENPK1137D_4297	2.82504736570981e-05	2.27725493814657e-05	2.92084311525881e-05	3.63719355673775e-05
CENPK1137D_3056	8.9375942395205e-07	3.10766049551848e-06	2.82773547487912e-06	2.99689370322866e-06
CENPK1137D_3807	3.13708921814595e-06	4.26347251702067e-06	3.64206895605532e-06	1.61651468647118e-06
CENPK1137D_1992	2.61745722659312e-05	1.91685712949953e-05	2.12907588762886e-05	1.84840885207676e-05
CENPK1137D_2125	3.16362372630864e-05	2.93020245351537e-05	2.46757824088342e-05	2.30290372373435e-05
CENPK1137D_4774	6.53054722752601e-05	4.67659020194606e-05	5.30329145890301e-05	4.4275521981491e-05
CENPK1137D_58	1.09778750203655e-05	2.01349563116788e-05	2.18295491970328e-05	2.09897801514393e-05
CENPK1137D_3341	2.96170733532477e-06	5.73763725928638e-06	6.94202268196708e-06	2.60530029626772e-06
CENPK1137D_3385	2.359524363886e-05	1.67701922909249e-05	1.25143013774709e-05	7.9451293054216e-06
CENPK1137D_5103	6.78270188606556e-05	6.97218057088985e-05	6.23544572445553e-05	4.25489490526263e-05
CENPK1137D_2660	2.10908248420576e-05	1.5170485029701e-05	1.55296890066595e-05	2.54958483960263e-05
CENPK1137D_398	3.61374752369082e-06	1.01228374005756e-05	7.80415192370577e-06	6.84653030068251e-06
CENPK1137D_3617	5.217878597093e-05	6.27593311255687e-05	5.58498352743505e-05	2.8910639689235e-05
CENPK1137D_5102	3.79417527658034e-05	3.93134327050273e-05	3.71338598516893e-05	2.34606372455306e-05
CENPK1137D_4464	7.42145470541363e-05	9.29224126817814e-05	7.14088949615893e-05	4.79672801009114e-05
CENPK1137D_5134	2.60574506801374e-05	3.19047122965567e-05	2.76424741017181e-05	1.66730265511377e-05
CENPK1137D_380	5.19310540281911e-06	3.71870608221214e-06	3.53677267190194e-06	2.93655561645515e-06
CENPK1137D_218	3.10396864088767e-05	3.46767642442536e-05	2.25539812726314e-05	2.06112305467902e-05
CENPK1137D_3274	0.000149361179628484	0.00015104023930179	0.000102278275780041	0.000138014975295028
CENPK1137D_1824 CENPK1137D_3085	0.00010186661747669	7.43192188888679e-05	7.59220165699458e-05	7.35761718813686e-05
CENPK1137D_3598	4.07796051920417e-05	6.27979825467361e-05	4.50739789580526e-05	3.69782925031734e-05
CENPK1137D_4646	3.43087779039464e-05	3.99456173423627e-05	3.92399155529494e-05	2.41378224555307e-05
CENPK1137D_2665	3.7761290225046e-05	2.96920142456167e-05	2.7651726192131e-05	2.1518681652481e-05
CENPK1137D_2280	5.53624865932139e-05	7.04987490161078e-05	3.31165288248703e-05	4.24377106341877e-05
CENPK1137D_3040	1.64296916715225e-05	1.10290224663637e-05	2.23704063157308e-05	7.84391746713597e-06
CENPK1137D_3703	4.09896557178288e-06	4.0093181158263e-06	3.84991644215264e-06	8.09206051129779e-06
CENPK1137D_4887	1.4230594412542e-05	2.94885786636006e-05	2.12135039108082e-05	3.22284709669898e-05
CENPK1137D_2759	5.50333721272895e-05	9.37053402425041e-05	7.38412348219393e-05	5.82154252952704e-05
CENPK1137D_3501	1.34426776533751e-05	6.77140315386848e-06	1.33098884463209e-05	1.24593660638715e-05
CENPK1137D_3422	1.24683457828502e-05	1.30147265142608e-05	1.75368166555256e-05	9.54215782998126e-06
CENPK1137D_427	1.68475581927301e-05	1.43753903271949e-05	1.62387568263302e-05	2.86001612650043e-05
CENPK1137D_1702	1.49919099125483e-05	2.34008938016652e-05	1.45631361058633e-05	1.355066255642e-05
CENPK1137D_966	3.32192254597353e-05	2.94088216978631e-05	2.29952020077278e-05	4.32452460827747e-05
CENPK1137D_2286	8.844660239547e-06	1.14201488794771e-05	1.65036458857313e-05	2.02962553103738e-05
CENPK1137D_3175	5.9701395390557e-05	8.63927810018443e-05	6.80373308780392e-05	4.28828483367749e-05
CENPK1137D_4980	4.73410455768946e-06	1.13511759155419e-05	1.07995396598468e-05	9.06753074056044e-06
CENPK1137D_3644	1.07901805474954e-05	2.07082734192608e-05	1.82229375474779e-05	1.56540625233909e-05
CENPK1137D_3400	3.03828724372472e-05	4.80093444829772e-05	3.79055754799267e-05	2.50635849700619e-05
CENPK1137D_1615	2.8510935021582e-06	2.35627312514106e-06	2.0816718080734e-06	4.32375832578987e-06
CENPK1137D_141	1.9026382649338e-05	2.80934864500279e-05	3.08171862225545e-05	2.24410170401092e-05
CENPK1137D_4279	4.12223693558064e-05	3.53587558030909e-05	3.21356536377083e-05	2.30156617913097e-05
CENPK1137D_1510	1.95738465042734e-05	3.40839713631514e-05	2.70366580965033e-05	2.25889635059625e-05
CENPK1137D_5218	1.21919733971201e-05	8.26722569785964e-06	9.29857068106723e-06	1.44148677377214e-05
CENPK1137D_4156	4.15041502984724e-05	5.72034470614901e-05	3.83761019736897e-05	3.15406912964042e-05
CENPK1137D_639	1.32475893605124e-05	1.21423719273153e-05	9.88522095006206e-06	8.22092818651767e-06
CENPK1137D_3788	1.07887846741392e-05	6.57992205331697e-06	7.27742364667297e-06	9.48768609062367e-06
CENPK1137D_182	7.53470023942253e-06	5.68482239993415e-06	1.50478779686687e-05	1.14670442963509e-05
CENPK1137D_2930	3.52307350554108e-05	3.65726411289618e-05	2.72012102742841e-05	4.68869715402077e-05
CENPK1137D_3873	9.83352496245994e-06	1.07198428214353e-05	1.23390963676414e-05	5.54727496549706e-06
CENPK1137D_3407	3.09451757242382e-05	2.20565318762895e-05	3.1488506799036e-05	2.86930634154215e-05
CENPK1137D_3176	9.72696911377264e-06	1.60607155457512e-05	1.04366133574087e-05	6.96998591360505e-06
CENPK1137D_2499	6.38791150897848e-06	4.59328020601401e-06	8.92303054324181e-06	8.74629111297668e-06
CENPK1137D_1087	4.03070993679922e-05	4.14680173930277e-05	4.61730684683239e-05	2.97676066062154e-05
CENPK1137D_1588	9.96018385070888e-06	1.00823295303311e-05	1.05843755693109e-05	1.96971451576958e-05
CENPK1137D_356	3.23110016811234e-05	2.50533661133577e-05	2.03429234125533e-05	3.74754768392276e-05
CENPK1137D_1462	1.38800182930684e-05	2.37579486969343e-05	2.37645374920886e-05	1.99624406932774e-05
CENPK1137D_10	1.56966984574423e-05	9.73604410136946e-06	1.22420110922424e-05	1.56321379838185e-05
CENPK1137D_5295	2.74225400882275e-05	1.74504144092944e-05	2.42586168142601e-05	1.52040465066815e-05
CENPK1137D_4598	1.49988408708482e-05	1.55821159592156e-05	1.80718649139308e-05	2.71721374889147e-05
CENPK1137D_735	4.36958089124036e-05	8.78652004072095e-05	5.75238357312137e-05	5.25678199042592e-05
CENPK1137D_110	5.25508407669983e-06	4.63923243839772e-06	3.61519264205587e-06	2.53655003571647e-06
CENPK1137D_3679	2.34728140787934e-05	3.23986174364347e-05	3.21042308300836e-05	3.99061680750671e-05
CENPK1137D_1097	2.6747886184381e-05	2.82956212370471e-05	1.59084057881575e-05	3.57644092091149e-05
CENPK1137D_2482	1.18698501388873e-05	2.48544463006002e-05	2.06617444451138e-05	1.33831181001185e-05
CENPK1137D_1000	1.11078274450094e-05	1.03017465853612e-05	2.0342800392081e-05	1.07857198761872e-05
CENPK1137D_5177	1.68548780808813e-05	2.22160161349553e-05	1.61281416821324e-05	2.94402934882111e-05
CENPK1137D_2875	6.90987754642929e-06	7.52126031740488e-06	1.03737179160656e-05	5.20530015845215e-06
CENPK1137D_2420	1.62078315327402e-05	2.36607995254536e-05	2.79927122858639e-05	1.98948068982776e-05
CENPK1137D_981	3.11235169079284e-05	4.40233293905019e-05	2.62625522032761e-05	2.42739651259211e-05
CENPK1137D_3388	1.51539507094812e-05	1.02320098464803e-05	1.16432986979495e-05	1.72243830339999e-05
CENPK1137D_1767	2.05885113682663e-05	1.49860920987195e-05	1.95900031265289e-05	2.34154352930456e-05
CENPK1137D_1241	2.75004670134326e-05	1.96715021408234e-05	1.98873598444462e-05	2.45757580790403e-05
CENPK1137D_2456	3.31135602652437e-05	2.64142387078833e-05	3.61604413472949e-05	2.52381820361387e-05
CENPK1137D_3452	4.55467151744847e-05	3.68851391805066e-05	3.73441708025133e-05	6.92329346110702e-05
CENPK1137D_4008	1.57988425461016e-05	1.14206986859198e-05	2.06501398285009e-05	1.84087680744143e-05
CENPK1137D_739	5.73780191291989e-06	8.56534777867815e-06	5.32131970516284e-06	1.05369959082272e-05
CENPK1137D_5095	1.19236520013316e-05	9.47736559675597e-06	1.05038811200793e-05	6.71551235261291e-06
CENPK1137D_4057	6.01566140337465e-05	5.78249298208546e-05	5.17254540249875e-05	4.45136779914547e-05
CENPK1137D_3715	9.31764352211123e-05	7.24920266844329e-05	0.0001069206998122	9.23885667152225e-05
CENPK1137D_4984	1.70290341448472e-05	1.66562364411459e-05	1.94702898089529e-05	2.56150218716269e-05
CENPK1137D_4934	6.53689335022535e-05	5.50454832097125e-05	4.80522442171233e-05	4.34645309061299e-05
CENPK1137D_4850	2.71126607185911e-05	2.08296694576737e-05	3.25796608527516e-05	3.42083267451109e-05
CENPK1137D_340	3.66996531528729e-05	2.28249474143418e-05	3.8071787225073e-05	3.76389795450182e-05
CENPK1137D_1363	2.04343326984516e-05	2.03125598183268e-05	3.57104016244506e-05	3.31665206587163e-05
CENPK1137D_4767	5.54253628418781e-06	9.8521702825429e-06	9.89065103473317e-06	6.01825878341358e-06
CENPK1137D_2855	7.28049358999473e-06	4.09638991316163e-06	8.0704475205178e-06	6.37209787374456e-06
CENPK1137D_4164	1.42908480332731e-05	1.42181641643771e-05	1.14864227617886e-05	7.66730219315168e-06
CENPK1137D_5286	3.23249298233133e-05	5.45604483402243e-05	5.12950891123902e-05	2.89954682902006e-05
CENPK1137D_489	8.65901150172025e-06	1.04455369862295e-05	1.79977278059963e-05	1.2927161220032e-05
CENPK1137D_222	1.41147617419164e-05	1.25584504433844e-05	8.18445870678474e-06	2.0403298044342e-05
CENPK1137D_4218	7.44400292594949e-06	1.21698946483157e-05	6.14453371903223e-06	7.78598881397468e-06
CENPK1137D_2310	2.17848356143583e-05	1.27846787022854e-05	2.4968197656915e-05	1.81994341232564e-05
CENPK1137D_3825	6.26711934097132e-06	1.18841121660677e-05	1.20261596139838e-05	1.09606705119098e-05
CENPK1137D_1570	1.51026311469579e-05	1.53048716540533e-05	6.43703008986995e-06	1.52994517509031e-05
CENPK1137D_2935	2.1619284247679e-05	3.85746799327177e-05	3.638565139211e-05	2.26338298420603e-05
CENPK1137D_4440	1.53250230694899e-06	2.35898287478548e-06	2.92830167809051e-06	3.30080010047634e-06
CENPK1137D_3348	4.18253003153732e-05	2.439633405805e-05	3.88557052792896e-05	4.69663308980676e-05
CENPK1137D_2285	1.61316331068872e-05	1.4486317371929e-05	1.5270727355221e-05	1.15598908592837e-05
CENPK1137D_1364	3.6371885969164e-05	3.56311969254023e-05	3.51455708855019e-05	2.51698771396066e-05
CENPK1137D_2646 CENPK1137D_4554	8.35922527955125e-05	6.60951415641267e-05	6.09549974608486e-05	6.03349620449834e-05
CENPK1137D_3764	0.000159452448506431	0.000109255068187091	0.000111966037405398	0.000109492258845986
CENPK1137D_581	2.36663404688758e-05	1.66453732236288e-05	1.78935822969375e-05	1.7124157005598e-05
CENPK1137D_2850	9.7332771138876e-06	1.09947734346239e-05	8.44757354058956e-06	1.58138389408837e-05
CENPK1137D_2672	1.04893504333442e-05	1.91928933811476e-05	1.29390494294439e-05	1.09351569814112e-05
CENPK1137D_977	5.70846164786269e-06	9.20682698457979e-06	8.80226337239272e-06	1.38034621824934e-05
CENPK1137D_28	1.98764280653441e-05	2.91095535947866e-05	2.50280048758947e-05	1.33858156776125e-05
CENPK1137D_5068	8.2714050504777e-06	3.76356297773418e-06	6.19879503858198e-06	8.64135700745452e-06
CENPK1137D_4627	1.49402757760633e-05	2.85212769117912e-05	1.06124009589748e-05	1.37527516388055e-05
CENPK1137D_2593	9.32335515335794e-06	1.53194552762065e-05	1.17536910892976e-05	1.58828777006642e-05
CENPK1137D_4916	6.40965314068347e-06	9.77503182744637e-06	1.27122612148097e-05	7.10196148887729e-06
CENPK1137D_780	3.16649690530121e-06	5.99671005100746e-06	4.02931602982147e-06	3.1675351749522e-06
CENPK1137D_720	1.12999447138761e-05	6.88258472979349e-06	1.19713531727876e-05	1.66171190258043e-05
CENPK1137D_4424	1.14318292623517e-05	2.12909568575926e-05	1.35325708182221e-05	1.04533682578097e-05
CENPK1137D_753	2.14546887154025e-06	4.92773799422606e-06	3.40326317363679e-06	4.23840813355148e-06
CENPK1137D_3071	7.87134726733601e-06	4.57017869984502e-06	8.37775888322932e-06	9.53466689217117e-06
CENPK1137D_1392	9.36932548668378e-06	2.11155717795823e-05	1.48216473831588e-05	1.03827021220673e-05
CENPK1137D_984	5.39150650864637e-06	4.50540486582871e-06	9.13889918137652e-06	8.89027578922616e-06
CENPK1137D_1846	1.67489591518176e-05	2.67037714813411e-05	1.4610561320263e-05	1.3623972218686e-05
CENPK1137D_2863	2.85635888565958e-06	2.41239579043217e-06	2.99214546467679e-06	6.4305344359606e-06
CENPK1137D_2918	2.52272184534699e-05	2.29051030904009e-05	1.93637757536278e-05	1.87676308138939e-05
CENPK1137D_5435	8.58369881544011e-06	5.20702749234602e-06	9.27086961600996e-06	8.2933084279908e-06
CENPK1137D_2869	6.9065404084533e-05	6.57508828397353e-05	6.2709712785936e-05	4.62028537684964e-05
CENPK1137D_2356	1.46951607585472e-05	9.93695805881611e-06	1.91952601892378e-05	1.49514194377557e-05
CENPK1137D_3849	2.85227208908468e-06	3.20278933356302e-06	1.54895004134938e-06	1.62367406371305e-06
CENPK1137D_5349	1.89528433704579e-06	2.1255166157952e-06	4.08202149633223e-06	4.33221937756601e-06
CENPK1137D_5	4.30577815930676e-05	3.06803253473738e-05	3.95272043774637e-05	3.02962703371039e-05
CENPK1137D_5342	2.00485537849678e-05	1.39995519870634e-05	1.74789833111834e-05	1.4715776058034e-05
CENPK1137D_2566	3.33407454993231e-05	3.43203351451695e-05	3.04829552469072e-05	5.49569064246955e-05
CENPK1137D_940	2.80763578735438e-05	2.86543647974358e-05	4.50384823678815e-05	3.37931427762359e-05
CENPK1137D_3787	1.34274796919484e-05	1.24797091596805e-05	8.55482352435261e-06	1.48220938982186e-05
CENPK1137D_3150	4.04927847693716e-06	3.90008898736699e-06	6.93228898844733e-06	6.70201383586584e-06
CENPK1137D_3382	8.89413101341958e-06	1.96556585356335e-05	2.10267063230147e-05	1.60142268866841e-05
CENPK1137D_2567	1.52205143058472e-05	1.14633522647986e-05	1.8732142768998e-05	1.69350811181149e-05
CENPK1137D_70	1.60526354660516e-05	1.15287366837115e-05	1.42621901475324e-05	2.28544069107793e-05
CENPK1137D_853	2.59886016865013e-05	1.70872347276438e-05	1.39017045669211e-05	2.44606880076531e-05
CENPK1137D_4018	9.39265716333183e-06	6.92488242911722e-06	1.00202175834733e-05	6.81371392100965e-06
CENPK1137D_2877	1.076360699195e-05	8.30202133653606e-06	5.75143010845813e-06	1.01924145993935e-05
CENPK1137D_579	2.28705335812583e-05	4.17509667782218e-05	4.805753322134e-05	3.62745991369494e-05
CENPK1137D_348	1.54750749666653e-05	1.49638093032715e-05	1.29053657029133e-05	1.16203589487863e-05
CENPK1137D_4574	8.8709427836829e-06	1.33789798467126e-05	1.62637210281948e-05	1.61961545687415e-05
CENPK1137D_4603	2.63536383950025e-06	3.17221478777463e-06	3.19227467291633e-06	1.4973627116226e-06
CENPK1137D_1865	9.92747333523525e-06	1.20054245127537e-05	1.53514937662926e-05	8.51348705571522e-06
CENPK1137D_163	1.92519580706323e-05	1.58925948627142e-05	2.36093183741775e-05	2.24757915985795e-05
CENPK1137D_1939	1.8488813997754e-05	2.0791971676819e-05	1.61699462964386e-05	1.28381205586946e-05
CENPK1137D_4658	3.17848691077101e-05	3.35067229278303e-05	3.19982130674706e-05	2.12124305326185e-05
CENPK1137D_296	4.29910265404838e-05	9.7450136488771e-05	6.55768621243257e-05	6.15747521170174e-05
CENPK1137D_2893	1.36151719039532e-05	1.07909754162145e-05	9.10608599511008e-06	7.58680558219995e-06
CENPK1137D_4014	1.48975470815466e-05	1.42339182891993e-05	9.95005434425109e-06	1.22238213537416e-05
CENPK1137D_168	4.84218185023088e-05	3.80155582304662e-05	3.99000038095467e-05	3.6366332613148e-05
CENPK1137D_4307	7.81328909843594e-06	9.45595023482564e-06	1.37837489071815e-05	1.15886030698105e-05
CENPK1137D_4502	1.16010535931656e-06	3.51870483218346e-06	2.00737505913215e-06	2.58445969011615e-06
CENPK1137D_120	1.77367472084083e-05	1.26460591816924e-05	1.87159242228885e-05	2.52418166060099e-05
CENPK1137D_1582	9.47821126716142e-06	6.91803809987978e-06	1.37026388427857e-05	8.36598995042261e-06
CENPK1137D_3775	5.98812781101516e-06	1.48129854243118e-05	1.16793467779696e-05	1.21930202211916e-05
CENPK1137D_369	0.00017007185506907	0.00014589620803734	0.000113463690961451	0.000159949997973866
CENPK1137D_1044	2.72972352533106e-05	1.95423564025236e-05	1.65070849809251e-05	2.06472973473361e-05
CENPK1137D_2547	6.28170686039026e-06	5.68986408059632e-06	8.44819059584722e-06	5.91654710658529e-06
CENPK1137D_1174	2.23893010595283e-05	1.67212119127478e-05	1.37456572358282e-05	1.96097936678399e-05
CENPK1137D_3976	1.4107250078879e-05	1.11704173821924e-05	8.68440201187041e-06	1.3938263964653e-05
CENPK1137D_1509	3.23044148121602e-05	2.2349860656723e-05	2.01710393263776e-05	3.09010576238347e-05
CENPK1137D_2198	1.09848625655443e-05	2.15907683315708e-05	1.15454886009068e-05	1.66460136940838e-05
CENPK1137D_3559	2.37759227404018e-05	4.93981925204775e-05	5.1125172615243e-05	4.41870493041476e-05
CENPK1137D_2175	1.04300038436668e-05	7.48366385647372e-06	1.34888304713679e-05	1.53691794627738e-05
CENPK1137D_4838	3.91749734727173e-06	6.44783611467553e-06	6.17678450150635e-06	3.21519564586501e-06
CENPK1137D_1528	2.40609392369954e-05	1.63788977350395e-05	2.32818557481894e-05	1.33908371219948e-05
CENPK1137D_1086	4.68412661645712e-05	2.89672772150794e-05	5.12875662858664e-05	2.98741443314451e-05
CENPK1137D_3937	2.47649816439519e-05	2.40987357541232e-05	3.55750525783893e-05	3.32033634974898e-05
CENPK1137D_333	1.73477771825991e-05	1.4145555143773e-05	2.15879985624197e-05	1.77128261817719e-05
CENPK1137D_3556	1.56317688450195e-05	2.06057731679414e-05	2.2855728706243e-05	1.53560412849683e-05
CENPK1137D_4302	6.57982671875154e-06	8.94121498379421e-06	1.04898722160134e-05	1.64932371742011e-05
CENPK1137D_4486	4.31424347206558e-06	5.8304272967822e-06	3.67830290849711e-06	8.59151384237596e-06
CENPK1137D_4385	1.70759787042727e-05	1.89806471784711e-05	1.59008593512721e-05	1.20304786775256e-05
CENPK1137D_4634	9.28935374030999e-06	1.08049317071839e-05	1.2042303153664e-05	8.26274111646889e-06
CENPK1137D_4827	6.61516540201754e-05	8.58798161587431e-05	6.5536877848642e-05	5.67376045553136e-05
CENPK1137D_757	0.000131620751329092	0.000104410860523683	9.09862929733711e-05	9.55993394910514e-05
CENPK1137D_4031	2.90327453670773e-05	3.19663762853957e-05	3.17604618878912e-05	2.16043041278128e-05
CENPK1137D_5144	4.0526561769766e-06	5.99985093840561e-06	5.73504868713706e-06	3.95960595321564e-06
CENPK1137D_1987	1.77483133468789e-05	3.23562101425347e-05	2.86552606876465e-05	3.16715785708698e-05
CENPK1137D_1189	3.5960741493282e-05	2.88336628140946e-05	3.24456520271376e-05	2.46650661813536e-05
CENPK1137D_1721	6.68012889643875e-05	4.66464166826052e-05	5.0833377588513e-05	6.10945845950471e-05
CENPK1137D_5242	1.61857433075123e-05	2.37964031871901e-05	1.60500777075616e-05	1.46980101853153e-05
CENPK1137D_4116	1.24185492836105e-05	1.06617522890671e-05	1.12930776558451e-05	8.42879672251392e-06
CENPK1137D_3723	9.15321820405076e-06	1.56320907370854e-05	1.55519402531253e-05	1.21198026281685e-05
CENPK1137D_1075	2.80604164322001e-05	3.04792205105598e-05	1.78913556577691e-05	3.10603762005199e-05
CENPK1137D_4054	2.50299704830422e-05	3.21997760453841e-05	1.71931564125879e-05	2.40291715578604e-05
CENPK1137D_1736	1.21237980025919e-05	8.41476807085673e-06	8.21879815160436e-06	1.20666689431672e-05
CENPK1137D_1365	9.71584538058841e-06	1.5057407343984e-05	9.22411778372874e-06	1.48484572392482e-05
CENPK1137D_3186	2.0549821699418e-05	1.30662229920234e-05	2.03134341192881e-05	1.51802485834915e-05
CENPK1137D_863	1.62343840238789e-05	9.63687947843592e-06	1.27283326109644e-05	1.44257873971382e-05
CENPK1137D_3628	4.13955381424944e-05	2.96055448814252e-05	2.81848043391711e-05	4.5781535474314e-05
CENPK1137D_1353	9.28918711083626e-06	1.38729275273067e-05	1.10525168860854e-05	6.90714810393556e-06
CENPK1137D_4711	1.04576526036749e-05	9.35915960874036e-06	1.12209753203465e-05	6.01343148880497e-06
CENPK1137D_3594	9.37669720065577e-06	6.05548373119248e-06	9.8713318753587e-06	6.26715034269897e-06
CENPK1137D_1166	1.1167478862916e-05	1.2019217708882e-05	1.38661668187968e-05	2.27191784203227e-05
CENPK1137D_2504	4.67994158306128e-06	9.27691069810595e-06	1.13661935002257e-05	1.03637943959797e-05
CENPK1137D_2949	4.54203725712707e-06	2.41163861729679e-06	4.41470849880928e-06	3.97213346325748e-06
CENPK1137D_1377	2.43017367294726e-05	1.54454207414451e-05	3.3567591091243e-05	2.34570484255304e-05
CENPK1137D_4299	5.109900880445e-06	5.74508553491578e-06	1.09616223628647e-05	5.72613704692058e-06
CENPK1137D_1421	2.33456085004664e-05	1.93765473152982e-05	2.0996208104851e-05	1.70622240487858e-05
CENPK1137D_2194	2.42383876409771e-05	2.03954673130001e-05	2.19696551659887e-05	1.76812087227272e-05
CENPK1137D_1914	3.49249625048784e-05	3.01985923249066e-05	3.26023023376938e-05	2.25607009334763e-05
CENPK1137D_5251	9.53363940322669e-06	1.23305817380575e-05	7.87170896436164e-06	5.87572668484415e-06
CENPK1137D_4867	2.05943577685236e-05	1.4927579265708e-05	1.68145800318784e-05	1.83090766319005e-05
CENPK1137D_790	1.02019211824336e-05	6.5379261163699e-06	1.1598424495716e-05	1.22870566233445e-05
CENPK1137D_4388	3.77918252564191e-06	8.59827103864317e-06	6.06147791161866e-06	4.22155256565392e-06
CENPK1137D_2568	3.07143339547619e-05	1.66902679697492e-05	1.95810948032251e-05	2.38722017540973e-05
CENPK1137D_2874	6.33570434056553e-06	1.2094982759155e-05	5.59874419098066e-06	8.17189635134347e-06
CENPK1137D_2477	4.20381997859572e-06	6.48653660317031e-06	5.56229737772065e-06	9.73012776849937e-06
CENPK1137D_3373	1.62214162980275e-05	2.66272031488125e-05	1.3526431581924e-05	2.03158550694488e-05
CENPK1137D_5053	2.65541792116097e-06	4.66779297863696e-06	5.68999529770001e-06	5.28613315662037e-06
CENPK1137D_4902	6.34255240862252e-06	8.06673412459677e-06	9.68821080887606e-06	1.12770207301965e-05
CENPK1137D_2928	1.61517528169067e-05	2.10467211182028e-05	1.38356086755687e-05	2.39125250939873e-05
CENPK1137D_1840	1.32959303952874e-05	1.64124490093699e-05	1.25288937217109e-05	1.03702751979235e-05
CENPK1137D_4149	1.48316299188359e-05	1.48824391887702e-05	1.93240576473946e-05	1.22917430820074e-05
CENPK1137D_903	6.06756062587105e-06	7.10600308218253e-06	4.94942947374095e-06	4.00652337131703e-06
CENPK1137D_156	5.16852597624757e-06	5.22243279979713e-06	7.57047773346987e-06	5.25471085197492e-06
CENPK1137D_5243	3.84560700440544e-06	5.76550900047442e-06	4.19125773537162e-06	3.15301832832884e-06
CENPK1137D_3429	9.39888756414288e-06	1.07786709476391e-05	1.81914814075501e-05	1.05815731772577e-05
CENPK1137D_608	9.49949071590363e-06	1.10394213466379e-05	1.83136585467302e-05	1.06565824216922e-05
CENPK1137D_341	1.03153234518201e-05	7.37536140162575e-06	1.1188906474099e-05	1.02232035874886e-05
CENPK1137D_3016	9.7026883782759e-06	1.5329226768528e-05	8.47529599504028e-06	6.58553498577726e-06
CENPK1137D_4172	2.63152869052835e-05	1.90600742008631e-05	2.20432473872775e-05	2.56431886431285e-05
CENPK1137D_4313	7.92315601195456e-06	1.58279534245487e-05	1.02608357047468e-05	1.62462613246618e-05
CENPK1137D_4112	7.00182539800428e-06	5.83859453158312e-06	7.61511589658066e-06	3.96209482708685e-06
CENPK1137D_576	4.4782319313004e-06	4.98377679556279e-06	7.3079570198435e-06	7.69775609496195e-06
CENPK1137D_1257	8.09328698584172e-06	1.26361650244158e-05	8.03664417430408e-06	9.63037504581817e-06
CENPK1137D_1452	7.92701074131321e-06	6.54234143335736e-06	1.01013265586255e-05	5.68364992453762e-06
CENPK1137D_1720	1.97519832506507e-06	3.59851632754583e-06	2.942659196272e-06	4.41807928098449e-06
CENPK1137D_207	0.000102558882151608	0.000101122349220353	0.000114519954004713	7.79751401092171e-05
CENPK1137D_140	5.8133528130225e-06	5.63424092692791e-06	3.8215992300859e-06	5.06164692007756e-06
CENPK1137D_4310	1.14801568505145e-05	1.10167365658024e-05	1.33184880406749e-05	8.41718064105781e-06
CENPK1137D_5205	1.06966249396915e-05	8.84782507934257e-06	1.44177144540594e-05	1.07409353168507e-05
CENPK1137D_2699	2.63112429066425e-05	1.71209000457456e-05	2.82040771101819e-05	3.2085008827515e-05
CENPK1137D_1303	1.49323318544577e-05	1.80772300633675e-05	1.15987181015245e-05	1.19671768306506e-05
CENPK1137D_123	1.0611864044691e-05	8.54315255892504e-06	6.87055958007898e-06	1.04357953440524e-05
CENPK1137D_4683	1.92768388241211e-05	3.72260841148954e-05	2.09418045590436e-05	2.46299008468069e-05
CENPK1137D_64	6.25264054425328e-06	6.95423636880708e-06	7.57782028634857e-06	1.13256385331329e-05
CENPK1137D_5440	1.32211521067079e-05	2.38244659737504e-05	1.57873618043893e-05	1.27616066563767e-05
CENPK1137D_5236	1.60437170070812e-05	1.21443534425659e-05	2.0924137023878e-05	1.99812646479611e-05
CENPK1137D_342	1.10308713888735e-05	7.73581139493828e-06	9.57750452351275e-06	8.55197520920304e-06
CENPK1137D_4498	2.80390379728068e-05	1.98512644332268e-05	2.56801243320985e-05	2.00468656322106e-05
CENPK1137D_2531	3.34096785810053e-05	2.89170438376711e-05	4.26763338712233e-05	2.89384978854291e-05
CENPK1137D_2731	4.30416346395328e-06	8.7252072046472e-06	5.49002658034348e-06	4.78523277200003e-06
CENPK1137D_4166	8.72533500074158e-06	1.17249150526952e-05	1.61454411544594e-05	1.15576342135765e-05
CENPK1137D_4061	1.50474805450912e-05	1.11360219615148e-05	1.06175938101275e-05	9.76709529663997e-06
CENPK1137D_1083	4.5729074490943e-06	7.37536140162575e-06	4.25881659236928e-06	7.29536646072834e-06
CENPK1137D_2287	8.56710801013982e-06	6.23166392546682e-06	1.01852559644125e-05	9.86299658135481e-06
CENPK1137D_5405	1.70337010594247e-05	1.97467614505981e-05	1.14235829746501e-05	2.0859501132608e-05
CENPK1137D_3727	1.20535407581396e-05	1.52456293553863e-05	1.02160227955461e-05	8.43959103503043e-06
CENPK1137D_3007	8.42630303207263e-06	1.63270330370344e-05	1.23671217573053e-05	1.66418248964912e-05
CENPK1137D_2443	1.11066919771664e-05	8.5553005351409e-06	1.45079949018579e-05	1.27413108573015e-05
CENPK1137D_1670	1.05968766077227e-05	1.72012147936832e-05	1.01709479629204e-05	1.20281193793263e-05
CENPK1137D_1406	0.000199896858284539	0.000166649917871673	0.000140794924621629	0.000177507854146289
CENPK1137D_5198	1.16119284131176e-05	1.8288084433468e-05	1.87857423891098e-05	1.86169375321912e-05
CENPK1137D_5192	4.02369313319506e-05	4.88675786323609e-05	3.79907964523341e-05	3.22783378694194e-05
CENPK1137D_1810	2.05478966190595e-05	3.30047704465187e-05	3.26531230076417e-05	3.07240141391447e-05
CENPK1137D_2369	7.86590777487396e-06	6.48603263521167e-06	9.08142067029849e-06	1.00781210921639e-05
CENPK1137D_4479	7.97069520305765e-05	6.86920956737342e-05	5.54553854343328e-05	6.23801120873737e-05
CENPK1137D_54	1.58474046412046e-05	1.3462719334879e-05	1.20452846580527e-05	1.16657713110154e-05
CENPK1137D_3964	3.27095297338175e-05	2.39383889973654e-05	3.26617461955691e-05	3.72247087818133e-05
CENPK1137D_1841	2.35942201617196e-05	2.15860617548497e-05	3.18222373953053e-05	2.1205643992454e-05
CENPK1137D_3821	1.45858106363929e-05	1.77023794153318e-05	1.28197411314388e-05	1.06135102548749e-05
CENPK1137D_4667	2.48491576641665e-05	3.17325505631818e-05	2.1921514486022e-05	2.05606676100523e-05
CENPK1137D_4278	4.33231919015768e-06	5.5406360290638e-06	7.62042388398827e-06	6.75022375563207e-06
CENPK1137D_2991	3.38737816190411e-05	3.81060562764859e-05	2.32669578823879e-05	2.76856125837589e-05
CENPK1137D_3430	2.39036781962308e-05	2.68983768765174e-05	2.53557740327841e-05	1.60151483712934e-05
CENPK1137D_4359	1.09688379879972e-05	1.15129128378052e-05	7.36939438371243e-06	7.80562455174843e-06
CENPK1137D_60	4.17342926254159e-06	4.76021502050861e-06	5.90419525725897e-06	7.85735293553676e-06
CENPK1137D_2017	1.79577022372904e-05	2.38880450476228e-05	1.92399840423975e-05	3.39234540423868e-05
CENPK1137D_4883	8.4390824499423e-06	1.15794997940744e-05	1.45526856318407e-05	1.7004204775915e-05
CENPK1137D_1606	5.48298721003089e-06	8.09604681231822e-06	1.14190781417728e-05	9.17607141880588e-06
CENPK1137D_3252	3.56638841106028e-06	5.23151347694109e-06	7.62573027590734e-06	3.9725646527108e-06
CENPK1137D_3322	1.73937083017751e-05	2.36678544671929e-05	1.47758352524842e-05	1.81047139919528e-05
CENPK1137D_2750	1.37572683523754e-05	1.43217575355431e-05	9.11863938987419e-06	1.31171065500723e-05
CENPK1137D_2698	1.64195110014161e-05	1.20630880955794e-05	1.55553047124915e-05	1.61727835885324e-05
CENPK1137D_4402	1.69452460815607e-05	1.24765057822949e-05	1.80293540132966e-05	2.17075527260032e-05
CENPK1137D_4560	2.03107212002286e-05	2.85723729350478e-05	1.55956693291913e-05	1.90898345234754e-05
CENPK1137D_4146	3.31012098032541e-06	5.74863174315409e-06	2.86381501699542e-06	4.32720498026674e-06
CENPK1137D_564	0.000104316756119086	6.92622610887639e-05	9.39892550554804e-05	6.63631153791134e-05
CENPK1137D_5209	3.25360084989039e-06	3.58909317081935e-06	5.94287961547832e-06	5.43706420459314e-06
CENPK1137D_716	2.70805257157309e-06	1.88605601187328e-06	1.8727837858948e-06	2.55507408669383e-06
CENPK1137D_519	4.43206459180246e-06	3.6229028818004e-06	5.33013595994967e-06	6.36968644483479e-06
CENPK1137D_4981	1.3333256320394e-05	1.92559769608022e-05	2.30221727954278e-05	1.8940532810434e-05
CENPK1137D_3140	3.03505956445398e-05	3.15068109496514e-05	2.77276927171664e-05	2.18846696667503e-05
CENPK1137D_4406	1.13860139266984e-05	8.51213588732451e-06	1.0519642644647e-05	9.17993273436456e-06
CENPK1137D_2906	6.64324031739821e-06	7.20041175366207e-06	5.05134560809371e-06	9.55358440285035e-06
CENPK1137D_3676	2.67632536719911e-05	3.47708443537151e-05	3.08351512767155e-05	2.28127758042414e-05
CENPK1137D_3681	1.04063625194014e-05	1.74097374526294e-05	1.62450566030207e-05	1.4277926115242e-05
CENPK1137D_1283	5.504367434811e-06	3.98149158702381e-06	4.3963393927116e-06	5.71715391006731e-06
CENPK1137D_2162	1.18996521018377e-05	1.36291557795219e-05	1.41065270725245e-05	8.84820797255979e-06
CENPK1137D_2528	2.87868163597352e-05	2.52071194787778e-05	1.84218578181555e-05	2.87376551232081e-05
CENPK1137D_4559	3.13339911745414e-06	5.79400841860765e-06	4.48556022892364e-06	3.40939236606902e-06
CENPK1137D_4381	4.27527689012647e-06	2.83861725773622e-06	3.85201864981477e-06	4.78111744777818e-06
CENPK1137D_3445	1.20717803439404e-05	8.41078532339865e-06	1.32865202409664e-05	1.6902508005946e-05
CENPK1137D_89	1.633058208905e-06	2.55769058673426e-06	2.34103449198306e-06	3.6568130997836e-06
CENPK1137D_3921	1.7689286518859e-05	1.94612301342209e-05	1.2458329606806e-05	1.79935893088956e-05
CENPK1137D_1187	1.45265636576218e-05	1.23631614590735e-05	1.46692571514942e-05	1.91236305922872e-05
CENPK1137D_3378	4.8274229843561e-06	3.78966308558641e-06	4.20732339768261e-06	5.88666997187002e-06
CENPK1137D_4163	3.31155455672335e-06	2.95793407327796e-06	2.20961416570463e-06	3.32582882768498e-06
CENPK1137D_4252	4.46767108535393e-05	3.93978405893657e-05	2.95523124778992e-05	3.55098074443865e-05
CENPK1137D_2144	1.2032548688167e-05	1.9337025048165e-05	1.48092313637837e-05	1.20920190880058e-05
CENPK1137D_818	8.54620418757797e-06	1.11425392259605e-05	1.24744727508384e-05	8.3417407041895e-06
CENPK1137D_2491	3.09686388635486e-06	5.61017410747872e-06	3.29094030306304e-06	5.8449880297348e-06
CENPK1137D_2061	6.36632535697401e-06	1.17804060828079e-05	6.85600604439386e-06	8.73297824914808e-06
CENPK1137D_1180	4.57529632101254e-06	3.52091611385848e-06	2.70867905223372e-06	3.63857603989916e-06
CENPK1137D_2009	3.30024002217518e-05	3.43753879850201e-05	2.32431522515037e-05	3.06671312334756e-05
CENPK1137D_1920	8.83822891362796e-06	8.6494937517433e-06	6.16793689928569e-06	9.1317200629488e-06
CENPK1137D_872	1.240091533562e-05	2.07466037977167e-05	1.79320545793302e-05	1.70145286206634e-05
CENPK1137D_2594	6.18826186805974e-06	6.13991770347051e-06	5.29412421462903e-06	8.24826850302753e-06
CENPK1137D_3129	8.38319970530976e-06	1.05060908238308e-05	1.14046716737958e-05	1.43149349369107e-05
CENPK1137D_3774	1.16482392890532e-05	2.01858847761568e-05	1.89076150401377e-05	1.56247185233415e-05
CENPK1137D_1794	2.36910087306147e-05	2.59192240196505e-05	1.70761761977594e-05	2.06469494772727e-05
CENPK1137D_155	3.53148365023679e-06	2.93586587470435e-06	2.48720592890601e-06	3.89340151951196e-06
CENPK1137D_5404	7.74008334861437e-06	5.76545817865661e-06	9.88097277099675e-06	8.87081980453903e-06
CENPK1137D_3708	2.03013937327871e-06	2.9099442227786e-06	2.72816805069875e-06	4.01719234592933e-06
CENPK1137D_4610	1.2492433982245e-05	1.40654941001469e-05	1.5360523999812e-05	2.10907696453127e-05
CENPK1137D_1542	1.15808520649706e-05	1.14209097031813e-05	1.23603945613953e-05	8.71712136814612e-06
CENPK1137D_4420	1.47597552635263e-05	2.03859777745349e-05	1.32857309144382e-05	2.25496373467751e-05
CENPK1137D_3863	6.65665115555781e-06	6.44091312724775e-06	8.20769654210878e-06	1.00776932472039e-05
CENPK1137D_5428	6.94460054917516e-07	7.81907178305905e-07	1.24412688744177e-06	1.03417430942527e-06
CENPK1137D_3524	1.39460903902521e-05	1.9969992960369e-05	1.27843030357557e-05	1.74700656945645e-05
CENPK1137D_5016	9.89409545206174e-06	8.35433709975168e-06	9.35045074302377e-06	1.2397601097386e-05
CENPK1137D_3941	3.86618538877973e-05	5.65816467210455e-05	4.74064759219054e-05	3.75100374023257e-05
CENPK1137D_2952	7.95381588078191e-06	1.03113863514919e-05	1.11587738442112e-05	1.31507339094307e-05
CENPK1137D_3034	1.53683322850857e-05	1.31031181880316e-05	1.02090353342525e-05	1.29631057088458e-05
CENPK1137D_3763	2.92645601086709e-06	2.6223535586793e-06	1.89494465837662e-06	3.28291490732775e-06
CENPK1137D_3699	1.1031029716e-05	9.71119268174694e-06	1.16150701407664e-05	7.37422181042124e-06
CENPK1137D_3910	2.69365533559355e-05	2.03232400797646e-05	1.98110043884067e-05	2.07384735559729e-05
CENPK1137D_1760	8.63734693303661e-06	9.31209037065652e-06	9.17863818901176e-06	6.48077298624154e-06
CENPK1137D_2618	4.56774388916937e-06	3.39282254780698e-06	3.31564927002622e-06	4.25817414757993e-06
CENPK1137D_2219	1.00507309766244e-05	7.39026911991439e-06	7.20400159578424e-06	9.42721973973872e-06
CENPK1137D_284	5.12985828334819e-06	3.67841449407504e-06	4.38849935182802e-06	5.57237575719614e-06
CENPK1137D_4687	2.17633938470214e-06	3.94258298498013e-06	3.0918018541895e-06	3.18995429976087e-06
CENPK1137D_2651	3.74876596433387e-06	3.35921323632472e-06	4.85481689336159e-06	4.23156947606614e-06
