V1	V2	V3
YALI1_F32597g	0.902089958926755	0.968431347168532	0.799038299211597
YALI1_D10458g	0.790507824593082	0.813017595761275	0.580012765310275
YALI1_D28273g	0.764635326653103	0.787078054560868	0.571302624872838
YALI1_C24707g	0.622463473982706	0.714418727738216	0.64522834534588
YALI1_A00102g	0.575100440310275	0.520486969752459	0.60838735724822
YALI1_A22539g	0.524008169532045	0.566379546422516	0.413711368845371
YALI1_E16731g	0.378333683799593	0.438102458290946	0.451190008367243
YALI1_C08262g	2.86705756332655	2.12363893387589	3.67881306892167
YALI1_F22436g	1.89901158214649	1.53978222278739	1.6133037878942
YALI1_F00654g	1.17529132650051	1.50190551271617	1.22419662082909
YALI1_E15659g	0.927621711164802	0.618664295761275	1.0441101136826
YALI1_D11984g	0.661783024796541	0.60319454238725	0.698138208418108
YALI1_E17935g	0.117271261856562	0.102901275323839	0.117005680595117
YALI1_C12642g	1.23264900483215	1.11881155205154	1.18846368234995
YALI1_B05364g	1.11124911225839	0.98245429833842	1.10693840335707
YALI1_F04433g	0.900529049821974	0.930140634587996	0.956320286241099
YALI1_E18441g	0.584014198067141	0.5787970813157	0.483655288708037
YALI1_B28659g	0.409844958621567	0.40111609664293	0.552226649898271
YALI1_D34353g	1.04940009783825	0.969040023940319	0.686991025203459
YALI1_D20676g	1.33033704908444	1.19927417836555	1.32568960045778
YALI1_E03300g	0.694276161444558	0.739233022482197	0.599649414521872
YALI1_E01019g	0.26180801861648	0.264373292132926	0.201713151246185
YALI1_F23664g	0.550560837970498	0.461735843167175	1.4977375422177
YALI1_F12842g	0.692978747660224	0.686347331163106	0.823600171337742
YALI1_C10555g	0.438683183926755	0.635923609901662	0.458087969862665
YALI1_F13373g	1.01950627922177	1.12370254899966	0.895466810122075
YALI1_E30886g	1.07613830208545	0.981477512919634	0.978896830035605
YALI1_A00406g	0.43476772835707	0.382969763445236	0.485634074821974
YALI1_B20462g	0.75467958949644	0.73263704065785	0.53146578224822
YALI1_B10813g	0.58821681190234	0.5086435865039	0.558581492115972
YALI1_C33152g	0.269342835147508	0.239180123906409	0.234815484918616
YALI1_D15424g	0.622028750279756	0.590156629162428	0.694832801271618
YALI1_E17214g	1.2395601697355	1.02075599996609	1.14752215579858
YALI1_F04045g	0.363658894099695	0.565442383858935	0.460680342192269
YALI1_E39693g	0.285494631052899	0.304102459138691	0.207068170473042
YALI1_F14495g	0.26694071698881	0.241255725567989	0.198280214038657
YALI1_C32886g	0.137302933748728	0.156082482638182	0.0483290602034588
YALI1_E07899g	0.0767258260452696	0.0274491148558834	0.114556457446592
YALI1_E32603g	0.0306023109028484	0.00886147463886063	0.0680145098499491
YALI1_E38912g	0.038721173560529	0.0255278931739573	0.0319452266200407
YALI1_D10600g	0.687023365437436	0.757657770837572	0.733864334231943
YALI1_C15832g	0.920815378255341	0.837421878806375	0.76708169750763
YALI1_D33380g	0.588997568234995	0.720435405730756	0.499745816378433
YALI1_D16029g	1.07538935584944	0.829623328552052	1.00752870783316
YALI1_F27211g	0.809120475635809	0.930409018887759	0.579240312258393
YALI1_E07744g	0.372409392370295	0.349610031536114	0.315580781637843
YALI1_D30618g	0.50811151180061	0.543548345066124	0.554751252644964
YALI1_E16255g	0.215380024516785	0.218858197117667	0.23825354242116
YALI1_B18499g	0.465504975127162	0.356150210885046	0.396176293031536
YALI1_F27556g	0.623138588479145	0.558388955781621	0.554182530289929
YALI1_F20914g	0.747053746388606	0.691317860800271	0.552811956002035
YALI1_E41315g	0.316388771236012	0.247289755815531	0.408707099415056
YALI1_F07847g	0.816686168489318	0.872870860664632	0.93304077629705
YALI1_F11049g	0.390389256332655	0.326048734079349	0.349078332477111
YALI1_F32090g	0.848630626220753	0.736281465445914	0.852021032095626
YALI1_F19345g	0.174728789343845	0.174585765038996	0.124125125584944
YALI1_F12013g	0.497831522609359	0.47593775249237	0.477645323677518
YALI1_B19844g	0.0991249392726348	0.0761779606035944	0.110458904664293
YALI1_E01589g	0.201314353051882	0.167521321329264	0.183848939267548
YALI1_E24201g	0.283449778433367	0.324345404950831	0.355147595574771
YALI1_C09094g	0.547472143794507	0.479861842048152	0.549563714343845
YALI1_C09033g	0.436474857375381	0.408603768972533	0.386538179984741
YALI1_B03198g	0.452037289725331	0.406816723194303	0.430285053687691
YALI1_D03952g	0.59460369870295	0.468771677721261	0.514333300050865
YALI1_F08431g	0.688522700483215	0.655733520583249	0.72252875302645
YALI1_B18572g	0.304203063224822	0.103540119437097	0.460485107604273
YALI1_F03803g	0.430796553738555	0.407411664157341	0.277724181332655
YALI1_D22124g	0.331280469455748	0.252128940996948	0.266212221312309
YALI1_D32268g	0.361660306103764	0.259904366225839	0.456479884079349
YALI1_B19079g	0.430038499084435	0.517369366666667	0.451047792243133
YALI1_D26360g	0.385361366607325	0.360099322210919	0.381959414140387
YALI1_D08082g	0.545650554933876	0.49758200003391	0.45747848008647
YALI1_C14450g	1.18554619860122	1.2649238311292	0.697443762029502
YALI1_A14736g	0.409476479374364	0.35199350515429	0.35948707706002
YALI1_F08845g	0.294111089267548	0.247175232485588	0.212589157731434
YALI1_B12993g	0.232308768133266	0.34098710332316	0.288906647202442
YALI1_E28033g	0.757205005340793	0.631504044727026	0.708522367497457
YALI1_F15517g	0.342513441759919	0.3532103152255	0.409723840106816
YALI1_E16202g	0.235333365793489	0.249146763072228	0.238463263936928
YALI1_A16292g	0.278678897126144	0.362008219633774	0.136293411342828
YALI1_E21128g	0.228659040513733	0.310503405459478	0.193426731612411
YALI1_C00739g	0.232929180773143	0.246851231739573	0.24220483214649
YALI1_F16035g	0.188780727772126	0.157758576568328	0.18410821017294
YALI1_D32002g	0.114111968751272	0.121381343926755	0.116520135274669
YALI1_B26112g	0.0593901487105799	0.0527040248728383	0.107739711070702
YALI1_C29810g	0.387760257121058	0.370729577653442	0.482292805595117
YALI1_B25427g	0.0916835513046795	0.0821374363140047	0.116373002848423
YALI1_E19557g	0.253610329374364	0.199290117633096	0.19315394783825
YALI1_D28569g	0.183398031739573	0.129789341098678	0.164618121337742
YALI1_D10535g	0.361477513708037	0.410826699457443	0.494547566709054
YALI1_A10708g	0.366251305111902	0.454783538318074	0.43639963084944
YALI1_F37463g	0.379300728229908	0.35081523723296	0.0878526932375382
YALI1_E31947g	0.429905289267548	0.393767527975585	0.419850255467955
YALI1_D20222g	0.172196523041709	0.192394656900644	0.138231053179044
YALI1_C15991g	0.0579150641505595	0.0592029578094269	0.0859789713708037
YALI1_E23912g	0.534543277288911	0.479155448524924	0.451809140615463
YALI1_F12874g	0.920897679399796	0.766465713326551	0.97276299112411
YALI1_A10827g	0.826892093743642	0.810940571515768	0.883631076220753
YALI1_A02775g	0.323704015818922	0.314212665276365	0.281129858748728
YALI1_F38629g	0.446655410961343	0.443519332621228	0.493355857731434
YALI1_D32209g	0.241286721083418	0.231938553001017	0.261760494175992
YALI1_E22238g	0.39349526223296	0.412601857544931	0.330572416429298
YALI1_E03584g	0.259472655645982	0.278944429365887	0.291879851246185
YALI1_E18927g	0.25360490681587	0.280026706035944	0.181112402848423
YALI1_B28292g	0.0887631404170905	0.106118139708376	0.124981030976602
YALI1_F06197g	0.291581094532045	0.309892243099356	0.332367872863683
YALI1_F25001g	0.549134793769074	0.495900119023398	0.651465291759919
YALI1_A20408g	0.195405916810783	0.184500073041709	0.191084245193286
YALI1_F32305g	0.684023687461851	0.609839207527976	0.670915532222787
YALI1_C33458g	0.195940594252289	0.224134730959647	0.175952761088505
YALI1_B16544g	0.153569458494405	0.208249517768735	0.17086753819939
YALI1_D19252g	0.291079624745677	0.31221179837233	0.304027536164802
YALI1_C24891g	0.614232120803662	0.309867790776534	0.523726746439471
YALI1_A17177g	0.0747319388987792	0.0721500377653442	0.0769377189013225
YALI1_A22454g	0.266949268413021	0.424705320040692	0.289516137487284
YALI1_F19090g	0.306008349389624	0.334668329331977	0.324706583723296
YALI1_D14058g	0.0876316635834181	0.0821307661817565	0.0880409984181078
YALI1_E13899g	0.236331925979145	0.330655970871482	0.339720560045778
YALI1_D14260g	0.17836484783825	0.18671338643608	0.162129174796541
YALI1_E31389g	1.2831620283825	0.842672375551034	0.847994052212614
YALI1_E32332g	0.235370184231943	0.216152956222448	0.243230756129196
YALI1_B27320g	0.305794255773143	0.348102751000339	0.296205095091556
YALI1_B13948g	0.179084828687691	0.19711363397762	0.187443637258393
YALI1_D30506g	0.152558409155646	0.142823759070871	0.184992170244151
YALI1_D35768g	0.103408469282808	0.0840806121227535	0.171433653763988
YALI1_D05873g	0.233294984587996	0.26444051858257	0.305693380162767
YALI1_B11532g	0.295331776881994	0.25337296615802	0.313108531485249
YALI1_B27874g	0.145545781256358	0.194921459409969	0.162710348855544
YALI1_E11943g	0.107558882037131	0.103415896992201	0.12393513896236
YALI1_F12917g	0.229714014903357	0.219576930993557	0.230314322685656
YALI1_D07379g	0.824853608062055	0.717958276602238	0.820588833290946
YALI1_D07981g	0.280611396998983	0.245632842217701	0.196239913911495
YALI1_E07676g	0.0787949414852492	0.0838923244760936	0.0696080985350966
YALI1_F18105g	0.347148718031536	0.32769281024076	0.317339550584944
YALI1_E02906g	0.595322005289929	0.327174221295354	0.63502723128179
YALI1_C22922g	0.601753162054934	0.530401634350627	0.56661499025941
YALI1_E33056g	0.136970283748728	0.156523616581892	0.0809630883214649
YALI1_C28513g	0.382117257833164	0.489864725194981	0.377107161826043
YALI1_E14988g	0.804910211826043	0.925956305323839	0.459431187919634
YALI1_B18707g	0.328515225457782	0.309483121736182	0.384993920396745
YALI1_E06015g	0.324713715157681	0.295024229942353	0.273028898677518
YALI1_D14199g	0.377805091200407	0.373850476975246	0.308320405976602
YALI1_B18645g	0.0992356631154629	0.155698359986436	0.125728610139878
YALI1_E19014g	0.193890463326551	0.198188571820956	0.212757713021363
YALI1_E24442g	0.731028306637843	0.806776665581553	0.951124206230926
YALI1_D13238g	0.262563800076297	0.251186630790098	0.254108234944049
YALI1_E29319g	0.0856140640717192	0.0953626916276704	0.0953281871490336
YALI1_D29481g	0.275656166353001	0.198381500949474	0.233637649287894
YALI1_F30459g	0.194468196439471	0.182141276059681	0.184760692115972
YALI1_E26336g	0.379845487258393	0.27733089148864	0.365619142828077
YALI1_F37559g	0.0739359735045778	0.0750779246117328	0.0744731624109868
YALI1_F26873g	0.0953330460859613	0.103440837239742	0.0887896338173957
YALI1_E16649g	0.417100821261445	0.352997444387928	0.407237265488301
YALI1_B22853g	0.117016307985758	0.125619261614106	0.110086254272635
YALI1_D17206g	0.702228794150559	0.527990222210919	0.57327024275178
YALI1_E17466g	0.295263794608342	0.371900409359105	0.408353783799593
YALI1_A09766g	0.168959425305188	0.15957617799254	0.172506284359105
YALI1_A20370g	0.424274276271618	0.379820356290268	0.480328401932859
YALI1_F32232g	0.116798902324517	0.132998095761275	0.145315825279756
YALI1_F27731g	0.613301970549339	0.465242380366226	0.559745707222787
YALI1_D07089g	0.130244092522889	0.149544898711428	0.127984938224822
YALI1_D09870g	0.28673741948118	0.358776767310953	0.242603521312309
YALI1_E16359g	0.292151981968464	0.281130535130553	0.266083502543235
YALI1_D01188g	0.265114601551373	0.298464793387589	0.228941995422177
YALI1_F07344g	0.480476981256358	0.479317502746694	0.38961242792472
YALI1_D16249g	0.264897494888098	0.215176221566633	0.274437697304171
YALI1_E07302g	0.0845016257960326	0.0888326848897932	0.0960210249186165
YALI1_B18930g	0.250202957400814	0.270325646965073	0.312756275305188
YALI1_C07239g	0.0568212298041709	0.071598434408274	0.0536419365386572
YALI1_F02309g	0.849438946363174	0.762997370464564	0.456088468997965
YALI1_B04138g	0.30914654534588	0.374833492709393	0.336628873753815
YALI1_B19932g	0.465372833367243	0.491489753916582	0.452235483723296
YALI1_C00293g	0.123233610244151	0.125158443268905	0.121340429704985
YALI1_F11583g	0.400101733494405	0.404624086944727	0.310434788758901
YALI1_A18557g	0.334677164649034	0.271194606171584	0.320857475356053
YALI1_E02616g	0.103016419964395	0.139986525127162	0.122355532655137
YALI1_C24850g	0.182145901525941	0.133219635164463	0.252093979730417
YALI1_C08017g	0.240593734562564	0.2540880339098	0.244731277314344
YALI1_E30815g	0.147747638880977	0.118296958358766	0.182429348550356
YALI1_D17030g	0.639644788173957	0.604440488301119	0.682885422761953
YALI1_E40394g	0.373032192090539	0.280050778467277	0.197583352644964
YALI1_C24367g	0.151163234486267	0.122841996517464	0.158413351856562
YALI1_B16419g	0.149978437156663	0.154807447711089	0.177793731002035
YALI1_F34933g	0.117852371093591	0.165463369820278	0.1537721241353
YALI1_B02345g	0.112696132850966	0.101361457592404	0.107604275714649
YALI1_C24124g	0.228900185554425	0.165180715123771	0.152734862843337
YALI1_E25317g	0.56363370628179	0.537701850118684	0.730193249338759
YALI1_E11255g	0.145502428509664	0.153728700373008	0.14931765595117
YALI1_B11131g	0.10512146068413	0.116549108884368	0.0745812784842319
YALI1_B19044g	0.198648527670397	0.212932170430654	0.158297640666328
YALI1_B17008g	0.537498268591048	0.52466900176331	0.591695079552391
YALI1_D15734g	0.342120059842319	0.389864918446931	0.386962151780264
YALI1_C12900g	0.307640599084435	0.29093656432689	0.277097172456765
YALI1_E20192g	0.147471668367243	0.212336495252628	0.140183437461851
YALI1_F31760g	0.150963072227874	0.203031801220753	0.179293886266531
YALI1_F37354g	0.0922561478916582	0.10521664823669	0.0940784701119023
YALI1_D00173g	0.167757369760936	0.146167068796202	0.183433997711089
YALI1_C15964g	0.874322979348932	0.721810189420142	0.676834449593082
YALI1_B11853g	0.055115768680061	0.0584569777653442	0.101312809173449
YALI1_B30024g	0.271328880595117	0.222155149542218	0.254638659333672
YALI1_D26051g	0.557067183596134	0.775189748694473	0.35136993474059
YALI1_B05571g	0.0708026672889115	0.0732218905323839	0.0857363077466938
YALI1_F32043g	0.243779668514751	0.268135013224822	0.324612285579858
YALI1_E32842g	0.362057332655137	0.374821485927433	0.473904069989827
YALI1_C09230g	0.552127078636826	0.419876935164463	0.429822575915565
YALI1_F19249g	0.476156398499491	0.448708067344863	0.440243928535097
YALI1_E34344g	0.416828507960326	0.307706921939641	0.446139162995931
YALI1_E24922g	0.155548589954222	0.144275067175314	0.130629550127162
YALI1_D13298g	0.212562313606307	0.194355125296711	0.214781040412004
YALI1_E11768g	0.0297999282451679	0.036018795927433	0.0355416244557477
YALI1_F23706g	0.156896122456765	0.163097587521194	0.147001676449644
YALI1_B23708g	0.154839375915565	0.127733591285181	0.121525683115463
YALI1_B17493g	0.106528555859613	0.132871646785351	0.143050125890132
YALI1_E15991g	0.145629553942014	0.154574713886063	0.159441911291963
YALI1_E17574g	0.0963329918972533	0.127613396880298	0.0914850196032553
YALI1_D33599g	0.164161981510682	0.118214090264496	0.128588956027467
YALI1_E23184g	0.147681223056968	0.135711366327569	0.187791550050865
YALI1_F03573g	0.273142716759919	0.227367476941336	0.255958092675483
YALI1_F14882g	0.0782688446795524	0.0903353137131231	0.107888279239573
YALI1_F31531g	0.41057899534588	0.425779279993218	0.629193022482197
YALI1_F11930g	0.35773656146999	0.313046489521872	0.338773035910478
YALI1_B11934g	0.385215215539166	0.297090692675483	0.421180918921668
YALI1_F32792g	0.493286300559512	0.468794319938962	0.587596792777213
YALI1_E26811g	0.136465140737538	0.158529761173279	0.119281455722279
YALI1_E17100g	0.159983654089522	0.183956447371991	0.162908551322482
YALI1_F24667g	0.0867847059435402	0.0930773479925398	0.101143546027467
YALI1_E27441g	0.0708944968641912	0.0360653606205493	0.23371708268057
YALI1_D06828g	0.250516205289929	0.225319793828416	0.184775731358087
YALI1_E19603g	0.0628752343896236	0.0552099007358427	0.0634562187487284
YALI1_E36758g	0.0343526002339776	0.0388315880332316	0.0321525911749746
YALI1_F27904g	0.0802369537614446	0.0863754338555442	0.0751307916047813
YALI1_E05929g	0.109853120806205	0.14656123892845	0.126910219023398
YALI1_A15925g	0.195242716276704	0.180823599016616	0.184861185986775
YALI1_D26146g	0.505029520752798	0.416216013157002	0.402728751678535
YALI1_E19172g	0.0700316022380468	0.09409913	0.0998743421871821
YALI1_B19276g	0.0674233538657172	0.064883879321804	0.0762229299287894
YALI1_C33005g	0.0677463202110885	0.0403308420786707	0.057991659155646
YALI1_E35988g	0.0517619470396745	0.0530359797049847	0.047146613344354
YALI1_B21070g	0.10911543395473	0.127554023058664	0.116869802688199
YALI1_F08284g	0.346590237436419	0.348988712750085	0.304001159587996
YALI1_E41251g	0.220396128560529	0.0454918420888437	0.0720913165462869
YALI1_D07348g	0.504299679298067	0.354205513733469	0.473651462207528
YALI1_F32659g	0.114184894885554	0.0993747699660902	0.107259248084944
YALI1_F21769g	0.109245195890132	0.0954027709189556	0.118235949465921
YALI1_B14044g	0.180506869328586	0.199725533231604	0.184281680467955
YALI1_A00309g	0.0672771271592065	0.0615167614784673	0.0641634895167854
YALI1_F39620g	0.11343425231943	0.128220144489658	0.103353127174466
YALI1_C05908g	0.120393323753815	0.131749269111563	0.176102064954222
YALI1_D28087g	0.0940452487843337	0.107365344940658	0.112097749855036
YALI1_E36437g	0.0954369860325534	0.246503134825365	0.0357853895523906
YALI1_E30028g	0.39529861439471	0.381934772702611	0.254835214750763
YALI1_B27485g	0.454281385859613	0.397277967344863	0.451832618540183
YALI1_B02696g	0.12905496785351	0.197384282841641	0.182251039420142
YALI1_C23948g	0.127640282426246	0.147729151746355	0.118779674516785
YALI1_F08705g	0.173847232553408	0.218760258528315	0.115341688644456
YALI1_F24773g	0.178780108189217	0.191480903899627	0.165452326932859
YALI1_E33633g	0.0832524171820956	0.0862871071278399	0.0967280733468973
YALI1_E28575g	0.153453820829095	0.173957026890471	0.208408447736521
YALI1_C29762g	0.0333980430264496	0.0282105302780604	0.014999671688708
YALI1_E36179g	0.455568004272635	0.472918900542557	0.55721941103764
YALI1_E01105g	0.0990821733494405	0.11312387799254	0.19093656223296
YALI1_F31215g	0.107037472571211	0.134821623126484	0.0941060853306206
YALI1_F26967g	0.267535851347915	0.265319358121397	0.262797012639878
YALI1_F34429g	0.154418471948118	0.157974130824008	0.153326594811801
YALI1_B16996g	0.322342702238047	0.251356575788403	0.277403163173957
YALI1_F12138g	0.128768726602238	0.0941874426381824	0.216513178255341
YALI1_F06351g	0.0949405917243133	0.0633667265920651	0.0475636388504578
YALI1_F08635g	0.407940011597152	0.396881112919634	0.407685405824008
YALI1_D26586g	0.17502410292472	0.151209986842998	0.143293877238047
YALI1_D17108g	0.719066681205493	0.64028004920312	0.757432374465921
YALI1_E21915g	0.12983127576297	0.1586908660902	0.0980716289191251
YALI1_B14187g	0.0942180884282808	0.105527012183791	0.113057534814344
YALI1_C22857g	0.181256756485249	0.186291237639878	0.19564366180061
YALI1_A13454g	0.0880590960554425	0.0887637211970159	0.127501769532045
YALI1_F04110g	0.136402243873347	0.188909839979654	0.231762986546287
YALI1_B23834g	0.159849785045778	0.119401956324178	0.129945597937436
YALI1_E37886g	0.255652085376399	0.272256474737199	0.274872716225839
YALI1_E00928g	0.29959822706002	0.358106284910139	0.319153753382503
YALI1_E36334g	0.114457482812818	0.125453832349949	0.148977764216684
YALI1_D12930g	0.321117556790437	0.408243983655476	0.471581739903357
YALI1_E41367g	0.534649611749746	0.665856852153272	0.812142275101729
YALI1_C14369g	0.119160178903866	0.145663102271957	0.115897912489827
YALI1_F33681g	0.100713549272635	0.130659743913191	0.0903050828942014
YALI1_F02655g	0.0488661838072228	0.0688866617056629	0.0554577370066124
YALI1_B09266g	0.473496490157681	0.460430674059003	0.464334788301119
YALI1_C03874g	0.214818249847406	0.206515614513394	0.173946373321465
YALI1_E06616g	0.237708959944049	0.151454834520176	0.165588527517803
YALI1_C33299g	0.139798239801628	0.16544032719566	0.23943897293998
YALI1_C04067g	0.186793326932859	0.164966612309257	0.134469003280773
YALI1_E17355g	0.0425898721846389	0.0397307031875212	0.0367097330824008
YALI1_E15398g	0.116083447278739	0.114481024452357	0.0633371671414039
YALI1_E00869g	0.0701955091098678	0.0800409655340793	0.0601292873728382
YALI1_F06858g	0.0707864552365209	0.0519511772431333	0.085590631136826
YALI1_D10197g	0.049052601190234	0.0581528423262123	0.0370486786063072
YALI1_F36966g	0.12934963956765	0.141739231298745	0.113875269440488
YALI1_D34865g	0.103639714483723	0.100599299159037	0.139662020651068
YALI1_D16290g	0.205792829781282	0.195710907561885	0.233296124008138
YALI1_F14712g	0.410815925584944	0.25096396273313	0.38449988138352
YALI1_F27871g	0.0466166657019329	0.0626821220854527	0.105697884778739
YALI1_C29141g	0.144539019786368	0.122187588070532	0.164418697177009
YALI1_E37930g	0.299154216734486	0.293368649067481	0.471106015869786
YALI1_F39051g	0.200522227128688	0.171118524211597	0.28083993560529
YALI1_F08260g	0.282023491963377	0.25935813051882	0.421829230391658
YALI1_E35815g	0.116373814849949	0.10358997290607	0.11511277886826
YALI1_C08702g	0.150154822711089	0.174904053170566	0.140385948830112
YALI1_B27534g	0.175577719557477	0.146192168721601	0.215667798982706
YALI1_D05474g	0.0736231301475076	0.07281686660902	0.0672440485503561
YALI1_B26153g	0.108600569216684	0.0849773824923703	0.0779801406739573
YALI1_C09308g	0.0784429780900305	0.069421897290607	0.0885461044964395
YALI1_D18408g	0.0842887901042726	0.11265055415395	0.0517877786063072
YALI1_D05633g	0.102013477352492	0.11526793726687	0.091828739956765
YALI1_C12788g	0.219540098346897	0.195871693014581	0.361326121922686
YALI1_C32609g	0.182561238751272	0.242063629196338	0.135657916770092
YALI1_B19897g	0.244046366149542	0.3439909626314	0.312292823067141
YALI1_D16809g	0.115462240414547	0.14999622027806	0.140498553942014
YALI1_B29419g	0.0532242219811801	0.0921400331163106	0.245931992700916
YALI1_E23691g	0.0450738784791455	0.0434260448796202	0.0402941538809766
YALI1_C02550g	0.0843107888835198	0.134813039640556	0.0741527450254323
YALI1_C31408g	0.128608702616989	0.204653494370973	0.0317767334587996
YALI1_C00464g	0.179029909842319	0.133112523296033	0.111220788514751
YALI1_A20484g	0.175451185198372	0.125688927534758	0.112330343550356
YALI1_F38116g	0.128318216854018	0.0833353517904374	0.122027509628688
YALI1_F25254g	0.0431022841505595	0.0561826773855544	0.0564675655162767
YALI1_D21120g	0.0618713971057986	0.0891800233502882	0.0954989998779247
YALI1_B12337g	0.164574549669379	0.200226990166158	0.122136027360122
YALI1_F11787g	0.351900342446592	0.333430807087148	0.353361536495422
YALI1_F06830g	0.109263462510173	0.140475479925398	0.139066809206511
YALI1_A10318g	0.0688724430976602	0.0498694730857918	0.0628550558672431
YALI1_F38776g	0.139004322634791	0.0806892147609359	0.0979105095930824
YALI1_F20965g	0.166349898753815	0.22478347962021	0.208601219455748
YALI1_D21076g	0.0875174530976602	0.088594333567311	0.0916664836139369
YALI1_D27148g	0.102481342100712	0.0906317211325873	0.0681906368565616
YALI1_E21406g	0.134898039903357	0.120892665479824	0.0786201502848423
YALI1_D07729g	0.0736129960834181	0.0743367841607324	0.0963039877873856
YALI1_B11983g	0.102817854498983	0.22279522197355	0.170703948514751
YALI1_F27175g	0.297315728738555	0.271234523363852	0.320934329399797
YALI1_C32184g	0.0412715205315361	0.0584180543540183	0.0777146239750763
YALI1_E08382g	0.155830877733978	0.178028263072228	0.172598356698881
YALI1_D13510g	0.219578958214649	0.161416541742964	0.0978458854399797
YALI1_B29133g	0.0723297918413021	0.1039413926314	0.0627586818972533
YALI1_C18771g	0.129544374384537	0.119703159928789	0.115292517370295
YALI1_C16108g	0.192795812962869	0.225367272465242	0.274673172583927
YALI1_E00760g	0.178709762283825	0.231484409087826	0.307302157299084
YALI1_B21493g	0.0736896523423194	0.0668767902305866	0.129715310986775
YALI1_E20269g	0.0648635562131231	0.0552633181010512	0.0545014570549339
YALI1_E05907g	0.0792661943413021	0.0811533754493048	0.0738848836546287
YALI1_F23922g	0.0218914284816887	0.0132575536080027	0.0380982720091556
YALI1_A11270g	0.107342070274669	0.103058075055951	0.0686522002365209
YALI1_C20198g	0.160172054348932	0.13767015245846	0.139584840310275
YALI1_D27500g	0.0247204777583927	0.0325682540149203	0.0288895050050865
YALI1_A20995g	0.169344459562564	0.123376309006443	0.0384881895803662
YALI1_D09055g	0.186424336953204	0.16321749660902	0.126605122461851
YALI1_E27880g	0.264746859460834	0.218906584537131	0.326227331739573
YALI1_C04882g	0.0481970577263479	0.0580910435028823	0.0457587609867752
YALI1_B20289g	0.149581372100712	0.112381827694134	0.0977569964165819
YALI1_E26930g	0.0598999093336724	0.0497825490403527	0.0597777172914547
YALI1_D10424g	0.177666328942014	0.212764209359105	0.180278972711089
YALI1_E02377g	0.0610587024771109	0.0710934121837911	0.0854115921922686
YALI1_B01628g	0.106948830261953	0.100386634120041	0.0761120669125127
YALI1_B09090g	0.316060099516785	0.244328224279417	0.194553428942014
YALI1_B15380g	0.0546541845981689	0.0570230075652764	0.0417436572177009
YALI1_D20329g	0.1093141091353	0.114590896012208	0.105670185582401
YALI1_F16984g	0.0291302592446592	0.0210284303696168	0.0287849447227874
YALI1_F30754g	0.126051648786877	0.119036763750424	0.142606420694303
YALI1_A14345g	0.0572050135808749	0.0691707735808749	0.0624580292217701
YALI1_E27144g	0.0570333157197355	0.0625379085656155	0.0805702859689725
YALI1_B08885g	0.202430950890132	0.299677137504239	0.237005402644964
YALI1_E39221g	0.124276019361648	0.164060476907426	0.142795069125127
YALI1_E17243g	0.248044404145473	0.349657198101051	0.30650858171414
YALI1_C13355g	0.151753237563581	0.148516895964734	0.175984768540183
YALI1_E29150g	0.338579125788403	0.328835505595117	0.398420085910478
YALI1_D30256g	0.13835713854527	0.180477675347575	0.135729897985758
YALI1_B09367g	0.152357810478128	0.168011213123093	0.106986746861648
YALI1_E19852g	0.109772160760427	0.0980449322787386	0.070807213474059
YALI1_E03762g	0.0845181178407935	0.0999965753034927	0.0531955587970498
YALI1_B09592g	0.0652515156739573	0.0724849874940658	0.0608956582451678
YALI1_F18920g	0.116177574847406	0.099221005934215	0.0983218863224822
YALI1_C32921g	0.0308983441327569	0.0381765329365887	0.0324411769354018
YALI1_A17570g	0.0989743737716175	0.116061728073923	0.115455386406409
YALI1_F04082g	0.0767081723830112	0.111130499355714	0.0947489507756867
YALI1_C08523g	0.093415074285351	0.059684900847745	0.088782023896236
YALI1_B20802g	0.0673057386139369	0.200010916378433	0.1151157107706
YALI1_E27249g	0.143737532632248	0.195378262122753	0.176914441607325
YALI1_E03387g	0.0663850659791455	0.0520595495388267	0.0616757720956256
YALI1_E20596g	0.0872057668056968	0.096788050847745	0.0433259381027467
YALI1_C09773g	0.111800661744659	0.147386366361478	0.128280863260427
YALI1_F21850g	0.0228203514318413	0.0295531569752458	0.019946939707528
YALI1_D12282g	0.0212476176983723	0.0282400020447609	0.0356233584511699
YALI1_F03908g	0.0850288355976602	0.0797500214750763	0.0943870854374364
YALI1_F13220g	0.133200790363683	0.173096465717192	0.262760445422177
YALI1_D10961g	0.0602119627543235	0.0589493300949474	0.0378392904526958
YALI1_F08392g	0.118209337321974	0.0881034027907765	0.0608976775737538
YALI1_E14505g	0.16387282311292	0.178132458290946	0.104031480757884
YALI1_F33345g	0.273357232019329	0.264387026619193	0.268971893819939
YALI1_C26167g	0.0690580679908444	0.0916073086775178	0.086396276363174
YALI1_E05668g	0.116224644537131	0.125731797687352	0.134252310885046
YALI1_B17871g	0.10793602897762	0.120194294045439	0.148602062487284
YALI1_B05350g	0.0387016424872838	0.029748783906409	0.0522301332960326
YALI1_A21775g	0.247554280671414	0.288823563411326	0.242862426576806
YALI1_C09072g	0.0597246286622584	0.0574106921498813	0.0581027952416073
YALI1_E02529g	0.0369827441937945	0.0353202151475076	0.0275647830645982
YALI1_B04853g	0.168389316734486	0.171068060868091	0.139153211419125
YALI1_E32816g	0.0839791643972533	0.0918809778942014	0.0866315929450661
YALI1_A04022g	0.0575895054323499	0.0817294493997965	0.0649961356434385
YALI1_F25485g	0.0398810444633774	0.0401637141878603	0.0388504301220753
YALI1_E32033g	0.180337523959817	0.210644545405222	0.205480135986775
YALI1_B03644g	0.0448458282731434	0.040959299833842	0.0263889517904374
YALI1_B05798g	0.035036409707528	0.0629684441098678	0.0837784638886063
YALI1_B26679g	0.0678874550813835	0.0820893159206511	0.0750157366327569
YALI1_C23926g	0.0742873866683622	0.108825776629366	0.108491577894201
YALI1_B30090g	0.0466806184791455	0.0748855228992879	0.0750996181103764
YALI1_E37040g	0.0875339452288912	0.0802770273211258	0.0609205500381485
YALI1_B24502g	0.0320401573779247	0.0258718429026789	0.0352654295447609
YALI1_A22073g	0.0349800783265514	0.0391759268735164	0.0465375583901323
YALI1_E38178g	0.343251126653103	0.229069559148864	0.323207540462869
YALI1_C17566g	0.0859721243667345	0.0781288331434385	0.113986377947609
YALI1_B22614g	0.0564701827670397	0.0885659552051543	0.0817068760554425
YALI1_E18539g	0.0849267203407935	0.0640706101220753	0.0773768537716175
YALI1_F15186g	0.0686715821897253	0.0807666610376399	0.0726494850966429
YALI1_D15458g	0.217452695473042	0.204288510715497	0.283660570829095
YALI1_C29618g	0.0669790590412004	0.0517660119837233	0.0495052428840285
YALI1_D06380g	0.107182696767548	0.0976213343981011	0.14291453982706
YALI1_B14382g	0.116888110696846	0.0946425898507969	0.121355913606307
YALI1_B13973g	0.0469330551220753	0.0620789909223466	0.0578926272431333
YALI1_C14787g	0.0518597005035605	0.112622144896575	0.0574046585528993
YALI1_E27871g	0.277910535478128	0.241715415632418	0.391199915437436
YALI1_D07665g	0.0607196908392676	0.0565158517531367	0.0557273898652085
YALI1_C24303g	0.0781181553763988	0.0805709582265175	0.101155940490844
YALI1_E09241g	0.0460866704730417	0.0421491486232621	0.0150875806230926
YALI1_F35109g	0.145487480025432	0.123632619430315	0.0780539732400814
YALI1_D32153g	0.166749386042726	0.153814152604273	0.212966279094608
YALI1_C32276g	0.0590453027517803	0.0740906089691421	0.0553409456205493
YALI1_F20712g	0.0784957550610376	0.072350408986097	0.0808569621286877
YALI1_A06434g	0.129518183723296	0.116460198297728	0.170324804526958
YALI1_D35735g	0.0735607554374364	0.0708706899016616	0.0923814700712106
YALI1_F05089g	0.179279261775178	0.152295603560529	0.154186382324517
YALI1_C12024g	0.125620105239064	0.139251121193625	0.0776885924237029
YALI1_B01136g	0.118815055114446	0.140478886754832	0.138133095854527
YALI1_F12969g	0.0363454813123093	0.033891167280434	0.0275528554476094
YALI1_E31396g	0.234903051246185	0.233224428145134	0.263089440996948
YALI1_D20473g	0.0674744409003052	0.065093644059003	0.0822104065615463
YALI1_E34028g	0.302211241047813	0.196827593930146	0.248610631866735
YALI1_A10857g	0.429088603509664	0.474664039911835	0.146891472957782
YALI1_C13890g	0.213639967472024	0.161455821091896	0.168899703204476
YALI1_A01061g	0.032994690844354	0.0388234659138691	0.0269167709791455
YALI1_B01464g	0.155238282782299	0.102274818050187	0.100042867878942
YALI1_E27383g	0.0730306122812818	0.0586228654018311	0.121510467337233
YALI1_C04401g	0.0709770626169888	0.0845618700305188	0.0943463049618515
YALI1_B25603g	0.0481417755569685	0.0581548744252289	0.0415892207909461
YALI1_A03153g	0.202649300050865	0.150432695184808	0.177338954857579
YALI1_C20224g	0.124259571317396	0.0865100174296372	0.10697643621821
YALI1_E34072g	0.0826652508290946	0.1226705847745	0.0378206328484232
YALI1_F14688g	0.0566896918769074	0.0540139008070532	0.0850351147227874
YALI1_F06670g	0.0624151868514751	0.0533022620990166	0.047426882543235
YALI1_F19805g	0.0483038852746694	0.0771197401424212	0.0658444163021363
YALI1_E39924g	0.0650123876958291	0.068010493733469	0.063283321319939
cytochrome c oxidase subunit 2 (mitochondrion)	0.15172081828586	0.117259746581892	0.123071123652085
YALI1_D15114g	0.0327614106892167	0.0457602307663615	0.0399427094175992
YALI1_D05705g	0.0639441442599186	0.086151322706002	0.0770648133189217
YALI1_F08363g	0.100209905681587	0.0824851783587657	0.0904284555417091
YALI1_B25553g	0.0886019380874873	0.0457964918006104	0.0213982119786368
YALI1_B26790g	0.105637019287894	0.103007999528654	0.112391312815361
YALI1_F16656g	0.0373202774160732	0.0621981249813496	0.0292961848143438
YALI1_F14368g	0.0547072809155646	0.0701113526687012	0.0808289638936928
YALI1_B05024g	0.0928816671770092	0.128334572363513	0.0917917397736521
YALI1_B22793g	0.0509752884867752	0.0534319445371312	0.0314807007502543
YALI1_F24228g	0.127433313471516	0.118719470057647	0.114158745320448
YALI1_E07153g	0.0371906999389624	0.0525643197965412	0.0536688252339776
YALI1_C02391g	0.0741540112182096	0.0728115706273313	0.0936570225203459
YALI1_A00746g	0.0601766231103764	0.0692980696778569	0.0919251566861648
YALI1_F38882g	0.0911896790742625	0.0746827956493727	0.0895065328891149
YALI1_D28825g	0.0379715012360122	0.047741811519159	0.0289369445116989
YALI1_D27826g	0.194525788733469	0.175772131095287	0.203273003229908
YALI1_F01291g	0.0512679002644964	0.0408837498474059	0.0469861323931841
YALI1_F13505g	0.0670237429323499	0.0703182313733469	0.0589458941480163
YALI1_F21989g	0.0660360569633774	0.0551092352424551	0.0525921580976602
YALI1_F32067g	0.0707049575127162	0.0784417831502204	0.134416733229908
YALI1_A18166g	0.0563031181459817	0.0413714280773143	0.044175862077823
YALI1_D00747g	0.0549017363733469	0.0545732716751441	0.0724881023448627
YALI1_E15559g	0.0402580539699898	0.0446287900881655	0.0574366981586979
YALI1_D01890g	0.0595125502187182	0.059588211353001	0.0681205089852492
YALI1_F34029g	0.0460472196236012	0.0547709245981689	0.0546274930747711
YALI1_B26808g	0.191683953942014	0.168123019769413	0.241970438835198
YALI1_D24054g	0.0901991794608342	0.0954155475652764	0.074139506731943
YALI1_A08546g	0.0666109119532045	0.0716385946558155	0.0512242453738555
YALI1_D11686g	0.117727883697864	0.121505462763649	0.0680914334028484
YALI1_D08125g	0.06673040456765	0.0669974380332316	0.0422632994964395
YALI1_E23635g	0.209426059842319	0.170563777382163	0.166050147100712
YALI1_C07770g	0.0961580972914547	0.11544093723296	0.110511996146999
YALI1_E39676g	0.0821444305493388	0.0900876619159037	0.0974772250406918
YALI1_A02833g	0.0521795984664293	0.0756467430790098	0.0545549068489318
YALI1_D09103g	0.190109723041709	0.111711059942353	0.127599402868769
YALI1_A03322g	0.129373514725331	0.0968387415428959	0.132166326269074
YALI1_F03136g	0.0667462266047813	0.0510099773652085	0.139326076042726
YALI1_E41061g	0.217190960707019	0.266568877348254	0.385697589699898
YALI1_E34269g	0.0623823393667345	0.0807690082875551	0.0544360365564598
YALI1_E21345g	0.0399017003687691	0.0452555281756528	0.0487228996236012
YALI1_C27746g	0.0280392589165819	0.0315991478060359	0.0413377075076297
YALI1_E40282g	0.0499928314877925	0.031689664577823	0.065984936223296
YALI1_D02041g	0.0632640046998983	0.118860682224483	0.0500211582655137
YALI1_F30877g	0.12022029069176	0.102381948609698	0.0605075101653103
YALI1_F21426g	0.0438992109969481	0.0369960857273652	0.0294374632095626
YALI1_C27543g	0.0943796172634792	0.137557975822313	0.0246029619811801
YALI1_A21919g	0.102323470719736	0.103787985059342	0.134072381434385
YALI1_E39295g	0.0887905646566633	0.101850928653781	0.0839755450457782
YALI1_B07331g	0.126960675414547	0.183078262190573	0.0946895682171923
YALI1_F29987g	0.0624013155035605	0.0894186188504578	0.0793816674338759
YALI1_B07076g	0.0509376789343845	0.0822293298507969	0.0693656766785351
YALI1_E37392g	0.0761626941658189	0.0875449906510682	0.0854957786953204
YALI1_C30187g	0.0718669036291963	0.0652673685825704	0.0467878781027467
YALI1_E25713g	0.0524689546490336	0.0466141174906748	0.0434510624059003
YALI1_F04895g	0.0326980117293998	0.0305810190844354	0.0330470750228891
YALI1_F28485g	0.11933597319176	0.111533440196677	0.131422001785351
YALI1_C29648g	0.0516665764903357	0.0472880188572397	0.0491654262309257
YALI1_C23075g	0.111755956706511	0.131693099440488	0.112730123540183
YALI1_A11258g	0.0759452411571719	0.0700324490335707	0.0737625206993896
YALI1_C21946g	0.0569283111113937	0.0536477503967447	0.0460524302314344
YALI1_D09504g	0.0641555110834181	0.0867892246592065	0.0670865540742625
YALI1_A09694g	0.0247984247431333	0.0265300972329603	0.0251762473041709
YALI1_E17754g	0.042856407878942	0.0450615132960326	0.055808375638352
YALI1_E35005g	0.0406551849821974	0.0481989517395727	0.0452080158901322
YALI1_E27161g	0.0938251889598169	0.0820274424720244	0.0991348501881994
YALI1_D01094g	0.0818433823601221	0.081911590854527	0.093300246612411
YALI1_C13522g	0.185143540157681	0.128597929704985	0.147685459816887
YALI1_E09395g	0.067711089664293	0.0665287348050186	0.079021798982706
YALI1_F00616g	0.0858048433494405	0.0876400668090878	0.0421799190539166
YALI1_F33973g	0.110742855821465	0.086877546605629	0.0855443942955239
YALI1_F00821g	0.0543097221414039	0.050895577636487	0.0999285868413021
YALI1_C26764g	0.0615380907502543	0.103011805469651	0.118887745091556
YALI1_E16556g	0.0762491231612411	0.0753365395320448	0.0647081559613428
YALI1_B09025g	0.0996201768514751	0.1328947265412	0.117814865915565
YALI1_E23348g	0.0290904054679552	0.028331694228552	0.0319768947863683
YALI1_D05343g	0.0944640108646999	0.123014415754493	0.0513056734333672
YALI1_E26377g	0.0266647525610376	0.0296890966734486	0.045797616775178
YALI1_E38593g	0.0666537846795524	0.0663429441268227	0.0656197899949135
YALI1_F13908g	0.178364401449644	0.146344670193286	0.106916021782808
YALI1_D34529g	0.0273228733163784	0.0356470700915565	0.0355248806841302
YALI1_F09598g	0.0534376362817904	0.0664068048762292	0.0653137902110885
YALI1_C09380g	0.0752595310961343	0.0886319837063411	0.0725702069557477
YALI1_A20063g	0.0202862408189217	0.0209659878195999	0.00900658309994914
YALI1_A17957g	0.0822520410528993	0.051012711698881	0.27649488636826
YALI1_D23995g	0.0433839319201424	0.0619374339640556	0.0531974843209563
YALI1_A00504g	0.0611934366861648	0.0483844136385215	0.0389821464928789
YALI1_C06511g	0.218603779018311	0.200650637199051	0.212432614521872
YALI1_E41148g	0.0583941221871821	0.0841659717497457	0.066285806612411
YALI1_E15835g	0.0522007032527976	0.059014683553747	0.0231050432171923
YALI1_F21583g	0.0366985418972533	0.0299489526517464	0.039203624534588
YALI1_B04321g	0.0195979828402848	0.031048343892845	0.0209417520295015
YALI1_C09200g	0.070159326655646	0.061561037972194	0.065443484415056
YALI1_D21702g	0.0100639491597152	0.00628069129094608	0.00893173895066124
YALI1_C28706g	0.0907254573931841	0.0841353915123771	0.115849463168871
YALI1_E36404g	0.169934035976602	0.119273770071211	0.0976273342039675
YALI1_C05133g	0.146243528738555	0.12458788128179	0.240739694404883
YALI1_C03415g	0.0652864324771109	0.0818317239640556	0.0873467695142421
YALI1_E25424g	0.123485033173957	0.0971109620956256	0.128387259888098
YALI1_D05440g	0.0762442418591048	0.0772317139097999	0.0743344271083418
YALI1_D25744g	0.0376836985223805	0.0465070179179383	0.0479834741327569
YALI1_C30440g	0.0762044701068159	0.0469840369345541	0.0509214427962869
YALI1_D01431g	0.0716686050025432	0.0456569063852153	0.0626520603535097
YALI1_C20597g	0.0366004334282808	0.0393678396032553	0.0324346935808749
YALI1_C16204g	0.025053065639115	0.0231944258392675	0.0171806562797558
YALI1_E34163g	0.0937209703738555	0.12356649775178	0.110109510017803
YALI1_F13395g	0.0221024710541709	0.0242232102543235	0.0287875168540183
YALI1_F04455g	0.171865756531027	0.143819530766361	0.172693864224313
YALI1_C05125g	0.0270956750025432	0.0504261034350627	0.0210386940208545
YALI1_E06583g	0.0348112535376399	0.0352666961376738	0.0442246777365209
YALI1_C16378g	0.0446280505264496	0.0616551505832486	0.0606058771134283
YALI1_C25758g	0.0703315524923703	0.0941370670464564	0.10664001560529
YALI1_E15555g	0.0445276417268566	0.0485443355442523	0.0496568996032553
YALI1_F18381g	0.0131531712304171	0.0238914325839268	0.0223508647227874
YALI1_E22736g	0.0821791986342828	0.0506050976636148	0.0773005562105799
YALI1_B14615g	0.0401042531332655	0.0549907248762292	0.0489762980188199
YALI1_D24770g	0.0171664259689725	0.0264125377619532	0.0137996513601221
YALI1_B15733g	0.305909209028484	0.318659143913191	0.290758155976602
YALI1_F33618g	0.0164530268903866	0.0160066375991862	0.0218225124465921
YALI1_E04499g	0.0414590565946083	0.0534380906442862	0.0258722946007121
YALI1_E06406g	0.109307033207019	0.0823888222516107	0.111776412016785
YALI1_B14121g	0.154490166480163	0.1563819186843	0.0382204774542218
YALI1_D14609g	0.040951029577823	0.0512806787792472	0.0546396887512716
YALI1_D18577g	0.0306464106993896	0.0331859229908444	0.0243025904755849
YALI1_F09230g	0.16287447077823	0.118739461817565	0.156798083692777
YALI1_E33570g	0.135575996922686	0.106681343726687	0.131724667675483
YALI1_F15692g	0.0292722688580875	0.032927991010512	0.031317945844354
YALI1_C30119g	0.032270190249237	0.0350636531366565	0.0218705761698881
YALI1_E40540g	0.0521470823448627	0.0559442916581892	0.0509035226246185
YALI1_A15879g	0.0181165770417091	0.025179784235334	0.0267474712817904
YALI1_C27579g	0.0541381291785351	0.0645607300440827	0.0502268758062055
YALI1_E18121g	0.0249275158303662	0.0216314797965412	0.0190394288402848
YALI1_E04033g	0.148688680010173	0.0870861660800271	0.143901703794507
YALI1_F01405g	0.0333619654323499	0.0498379405730756	0.048810184025941
YALI1_D29419g	0.0468205397660224	0.0465147844828756	0.0441851666429298
YALI1_F37734g	0.0661780268336724	0.0728807021600543	0.0627947423626653
YALI1_F25924g	0.0707351001042726	0.0450669076941336	0.0390653783418108
YALI1_E15452g	0.0544191670523906	0.0679814269752458	0.0404807541963377
YALI1_C15445g	0.0878684592929807	0.109487014608342	0.138550114038657
YALI1_B07444g	0.0249668399669379	0.0219846214038657	0.0284286372787386
YALI1_E16451g	0.0380568778738555	0.0472078204747372	0.0458325068082401
YALI1_F17962g	0.0729051695854527	0.0542974851746355	0.05646302724059
YALI1_D25255g	0.0250900512716175	0.0532753969718549	0.0396009183850458
YALI1_E06137g	0.059571974415056	0.0784573463580875	0.0878833098092574
YALI1_F12330g	0.0203342878229908	0.0211646687995931	0.0443484281943032
YALI1_D17493g	0.0533452478077314	0.0549295949508308	0.083723505292472
YALI1_C06626g	0.0628871539140387	0.0516567197829773	0.0920815308265514
YALI1_E07099g	0.043898083853001	0.0334652897456765	0.0517184475559512
YALI1_F07938g	0.0257154637716175	0.0176168500047474	0.0179420990536623
YALI1_A07290g	0.0589837494023398	0.0785833872533062	0.0605402179298067
YALI1_F25182g	0.0832909144684639	0.0657536190233978	0.0684266767929807
YALI1_F03765g	0.0429575406917599	0.0290932972092235	0.0434228401398779
YALI1_D02781g	0.0449229255137335	0.0364066656527636	0.0316063329399797
YALI1_E14385g	0.0208925524872838	0.0219353502848423	0.0180167018413021
YALI1_E01793g	0.0484240521592065	0.0525764015971516	0.0354016672711088
YALI1_A00325g	0.0445731859944049	0.0593242182299084	0.0431475928763988
YALI1_B10607g	0.0679928770930824	0.085561101688708	0.0881762499186165
YALI1_C06259g	0.0503208820295015	0.0229201706015599	0.0646206962563581
YALI1_B16068g	0.0369412310147508	0.0467126686164802	0.0438601988301119
YALI1_B05995g	0.0911903251449644	0.0737649762021024	0.0724516631078332
YALI1_C23707g	0.00933385215895219	0.00635468505561207	0.00878199374796541
YALI1_E31897g	0.0365963616302136	0.0368381042285521	0.034979002878942
YALI1_D11614g	0.0369117874287894	0.05266332525941	0.0297102300101729
YALI1_D20202g	0.0184399564572737	0.012823329667684	0.0134845082286368
YALI1_E10492g	0.0419729345701933	0.0316921377382163	0.0355294745930824
YALI1_C29052g	0.0293515421770092	0.0319385535503561	0.0278319702416073
YALI1_D04128g	0.0952980804272635	0.0945430929637165	0.0288807491505595
YALI1_E00510g	0.0159466777309257	0.0038730056778569	0.0161087026017294
YALI1_A03396g	0.0544292334282808	0.0498119388979315	0.0501364964242116
YALI1_B08193g	0.0487488119023398	0.035488203567311	0.0659063245269583
YALI1_D22704g	0.0409227328763988	0.0290227661753137	0.0624090455315361
YALI1_E34525g	0.0140679976411495	0.020213614339098	0.0217317032731434
YALI1_F21482g	0.031716980724822	0.0485503649576128	0.0499256962207528
YALI1_D13226g	0.0709231215233978	0.057947187965412	0.0472145691149542
YALI1_B22598g	0.048306804242116	0.0404595296778569	0.0415586712283825
YALI1_C30130g	0.120299554043744	0.0954147357951848	0.0561823523601221
YALI1_D30540g	0.0579164985147508	0.0767566066700576	0.0341335334359105
YALI1_C11862g	0.0592292490081383	0.0647387939911835	0.0814876288072228
YALI1_D08360g	0.0572931632324517	0.0671712019803323	0.0723849351907426
YALI1_A06453g	0.0403048999313327	0.0290470367616141	0.0286581314420142
YALI1_F29424g	0.0437690002619532	0.0501086940522211	0.0614693696312309
YALI1_D13963g	0.0279899906688708	0.0290490434520176	0.0400292831739573
YALI1_B18811g	0.0458566675050865	0.0516623420006782	0.0847957216658189
YALI1_C17782g	0.0387840081637843	0.0238196993930146	0.046815026904883
YALI1_F13170g	0.037880841861648	0.0470257755612072	0.0353702987563581
YALI1_F06018g	0.0538484218260427	0.0616151609359105	0.0549553046998983
YALI1_E25400g	0.0293451984384537	0.0373377384164123	0.0560351100457782
YALI1_B06809g	0.0228589360808749	0.0355005012377077	0.0354446749618515
YALI1_E25866g	0.0236887725025432	0.046042041013903	0.0239746725727365
YALI1_D24997g	0.141728370930824	0.0967536583418108	0.123968897833164
YALI1_F09003g	0.0641327778535097	0.048792658636826	0.100701423321465
YALI1_A06672g	0.011541745084944	0.0141102962936589	0.0140330557156663
YALI1_D08884g	0.0288025534282808	0.0337529707460156	0.0137209446589522
YALI1_D14300g	0.0378367118819939	0.0409385805459478	0.0290008079120041
YALI1_E07121g	0.0203837537385554	0.0237689672126144	0.0227116274376907
YALI1_D33105g	0.0336327299491353	0.0534335069684639	0.0398060570167853
YALI1_D12091g	0.0691579027772126	0.0774065540013564	0.035329751396236
YALI1_D04680g	0.0139750416884537	0.0142050376161411	0.0116848060246694
YALI1_F27101g	0.0288975238860631	0.033703761024076	0.0239311297482197
YALI1_D07162g	0.0632850589216684	0.0335281914784673	0.0374663789013225
YALI1_B07366g	0.0177228017675483	0.030942955584944	0.0256454670727365
YALI1_C32223g	0.0261118592675483	0.0329359576432689	0.0120888865673957
YALI1_F26039g	0.0955340585783316	0.062433592024415	0.0621943374389624
YALI1_D16609g	0.0225130746665819	0.0278894452933198	0.033861260584944
YALI1_F17431g	0.038821522077823	0.0263903492946762	0.0441232981993896
YALI1_C30205g	0.0281639626762462	0.044091113733469	0.0329763169837233
YALI1_E40718g	0.0296413393311292	0.0249856334350627	0.0261781777416073
YALI1_D07451g	0.0762875751983723	0.0646797937639878	0.0682834576907426
YALI1_D13545g	0.018492943268057	0.00630788599016616	0.0267163750966429
YALI1_E00574g	0.114179594427772	0.0983072028619871	0.0786481217115971
YALI1_A20602g	0.100269526380977	0.07976679813157	0.0938838455874873
YALI1_C32975g	0.0425430222634791	0.0353814335740929	0.045942982077823
YALI1_C16485g	0.0528538403128179	0.0494909487012547	0.0340731650178026
YALI1_A05116g	0.0407793783748728	0.0387483443404544	0.0409521924059003
YALI1_E16002g	0.0260438180340793	0.0261927859749067	0.0319573159816887
YALI1_F21690g	0.0386185096592065	0.0476528589013225	0.0244891136495422
YALI1_B29867g	0.0187861427095626	0.0288116671312309	0.0382710974226857
YALI1_E02832g	0.029736409404883	0.0342508757714479	0.0240330170803662
YALI1_D02206g	0.0707585838173957	0.0718422459952526	0.0412460386266531
YALI1_F36233g	0.0248718232400814	0.0285306911054595	0.0233495330747711
YALI1_B00578g	0.020541865378942	0.0129662544669379	0.0261265711782808
YALI1_A01824g	0.0995533827263479	0.11500880024076	0.111165639328586
YALI1_A03183g	0.0363069972177009	0.0262271239233639	0.0336559213479145
YALI1_B12451g	0.0365194881180061	0.0454173460122075	0.0448958172914547
YALI1_E38526g	0.0347768256052899	0.0389220553848762	0.0590405321236012
YALI1_D09566g	0.0231178106358087	0.0296056497012547	0.0623610258519837
YALI1_F34521g	0.0594049424821974	0.0875347589657511	0.0555328180010173
YALI1_D08050g	0.0698688232655137	0.070537933394371	0.0482928898931841
YALI1_F30593g	0.0487206968641913	0.0225584160834181	0.0375601745879959
YALI1_D35061g	0.0264049323041709	0.0216858010851136	0.0157417999364191
YALI1_E31685g	0.0434497899516785	0.0446108980773143	0.0433898939776195
YALI1_F10671g	0.0225373419277721	0.0422229499660902	0.0284352657197355
YALI1_B03404g	0.0108990435676501	0.00946136746795524	0.0213679126831129
YALI1_E22921g	0.0199476448321465	0.017351590342489	0.0126154227238047
YALI1_B04540g	0.02371078508647	0.0296975158087487	0.0673525063809766
YALI1_B07271g	0.0178646052555951	0.0182002047761953	0.0175007871515768
YALI1_C25512g	0.020844118181587	0.0219950296337742	0.00905422817955239
YALI1_D00614g	0.0189180606266531	0.0203539851742964	0.0389879828535097
YALI1_B18607g	0.0451332222431333	0.0551725535334012	0.0607019220625636
YALI1_D09277g	0.020121005897762	0.00753620305391658	0.0156585198016277
YALI1_F03855g	0.0211771031993896	0.0232312414276026	0.0331956335808749
YALI1_C04265g	0.0203937701373347	0.0279071774669379	0.0231189592700916
YALI1_B21798g	0.032120440854527	0.0144405804238725	0.0521248981510682
YALI1_B07852g	0.0606236753229908	0.0537817604035266	0.0744516666581892
YALI1_D35394g	0.026279814198881	0.02455226356392	0.0219873903784334
YALI1_F29604g	0.0596978853713123	0.0493747109596473	0.0718637424109868
YALI1_A09372g	0.0203329859829603	0.0169360703760597	0.0213252510185656
YALI1_F33754g	0.0276795336393693	0.0526793978467277	0.0430009807934893
YALI1_E23555g	0.0326544316709054	0.0307189532655137	0.0301386868794507
YALI1_F03842g	0.0544465906307223	0.0797425223940319	0.0303998719582909
YALI1_C19005g	0.0299629909206511	0.021461548643608	0.0275351904374364
YALI1_B18955g	0.0307635156205493	0.0427323391861648	0.0319789472863683
YALI1_C09467g	0.0220552845244151	0.0181866864869447	0.0204586745541709
YALI1_E04575g	0.0264318174160732	0.0358098183180739	0.036930728517294
YALI1_F29876g	0.0246234354374364	0.0305432487846728	0.0243813831968464
YALI1_B29108g	0.023500323397762	0.0212695627229569	0.0240330986393693
YALI1_C25029g	0.0244012802990844	0.0231086760902001	0.0211640114496439
YALI1_D17482g	0.0660315040717192	0.0543425621702272	0.0394827617904374
YALI1_E07790g	0.0130930136767548	0.022009627293998	0.0181005092291455
YALI1_F13339g	0.00881277945549339	0.00896136030213632	0.00895972516073245
YALI1_E37026g	0.0229000215335707	0.0205402234181078	0.0233328866709054
YALI1_D25330g	0.0228200195116989	0.0102056208630044	0.00957907503535097
YALI1_D15744g	0.0194178976185148	0.0176293252363513	0.0269778703128179
YALI1_E06759g	0.026461728354527	0.0220999780671414	0.040118785335707
YALI1_A03721g	0.0133385908748728	0.0125424370023737	0.0206505030467955
YALI1_F29078g	0.0111075989298067	0.0116456823526619	0.0052554537077823
YALI1_F29905g	0.0195020073474059	0.0246752392336385	0.0261375739267548
YALI1_C16275g	0.118450227304171	0.117655822441506	0.096324660887589
YALI1_F17709g	0.0591930306866734	0.0543044272024415	0.0443109379501526
YALI1_E14698g	0.0367795164547304	0.0690665242217701	0.0574553318972533
YALI1_E25905g	0.0212742325559512	0.0212935209969481	0.0194728071668362
YALI1_D17151g	0.0353778791912513	0.0259517449067481	0.028484180129705
YALI1_C30320g	0.0386230706078332	0.0375946984638861	0.0262346665386572
YALI1_D17899g	0.0140473879895727	0.00985387214479485	0.00704302615157681
YALI1_F21396g	0.0712645325101729	0.0315766197490675	0.0359151697151577
YALI1_E03067g	0.0128260895434893	0.0100174331122414	0.0118087308570702
YALI1_D22691g	0.0689156490055951	0.115384554374364	0.096078483128179
YALI1_E23292g	0.0320139374847406	0.0170326162021024	0.0570902899211597
YALI1_B29883g	0.0446501364191251	0.0403594690946083	0.0554693993870804
YALI1_D34739g	0.0200538216149542	0.0140748494337063	0.016198923128179
YALI1_F06076g	0.0198087481749746	0.0163197606035944	0.0196809741360631
YALI1_E02850g	0.0539361654577823	0.0154029593421499	0.0395262607985758
YALI1_B10449g	0.0399343564114954	0.0353122066361478	0.0345996326424212
YALI1_B19576g	0.023468969577823	0.0327429449643947	0.0132131154883011
YALI1_B30275g	0.0157929921248728	0.0228094738691082	0.0118311581864191
YALI1_C20396g	0.0310983811266531	0.0426335603730078	0.0199474748219736
YALI1_B01084g	0.0175485046236012	0.0217189975517124	0.0181483356434385
YALI1_D14004g	0.0125613218301119	0.0069047412885724	0.00560049519760936
YALI1_B19021g	0.0144288241073245	0.0140042697660224	0.00650270953713123
YALI1_F10688g	0.0244635727517803	0.0227092736351306	0.0155278951805697
YALI1_A12437g	0.0131852723001017	0.0261008111393693	0.0107223676317396
YALI1_F02794g	0.00661538358138352	0.00545239781824347	0.00550520912105799
YALI1_C03988g	0.0157288179839776	0.00827141415632418	0.0138962076609868
YALI1_D15952g	0.0172029363784334	0.017247460339098	0.028319451319939
YALI1_D02087g	0.0228396119786368	0.0162371562529671	0.0162214793794507
YALI1_A16642g	0.0165428032650051	0.0166857054520176	0.0165507525101729
YALI1_C16621g	0.0245118020829095	0.0200671089013225	0.0165612289343845
YALI1_B09161g	0.0121805468341811	0.0150607702689047	0.00990531694201424
YALI1_E00527g	0.0698534867014242	0.0517550245676501	0.0715644534384537
YALI1_B16968g	0.045851847576297	0.0451804629976263	0.0372870847889115
