NCBI_CBS6556	Uniprot_DMKU3_1042	Gene_name_DMKU3_1042	standard_A	standard_B	standard_C	high_temp_A	high_temp_B	high_temp_C	low_pH_A	low_pH_B	low_pH_C	osmotic_stress_A	osmotic_stress_B	osmotic_stress_C
KMXK0C00110	W0TB61	KLMA_30009	0	0	4	139	0	0	0	0	0	58	20	14
KMXK0E00250	W0TCB9	KLMA_50019	44	43	42	7	0	0	54	42	53	46	47	47
KMXK0D05520	W0TAW0	KLMA_40526	123	142	176	51	57	63	137	111	120	127	157	122
KMXK0E04920	W0TBW7	KLMA_50488	35	31	10	44	55	53	26	27	11	26	115	94
KMXK0B03470	W0T5V9	KLMA_20332	16	35	35	133	22	29	15	14	9	80	57	39
KMXK0H03120	W0TFK1	KLMA_70312	36	85	108	38	37	38	71	76	68	101	132	116
KMXK0A03230	W0T408	KLMA_10518	45	36	39	6	11	13	18	13	39	1	9	7
KMXK0C00130	W0T942	KLMA_30011	12	68	66	70	26	30	53	49	65	104	98	107
KMXK0A03250	W0T504	KLMA_10516	6	20	3	6	30	29	4	9	1	0	0	0
KMXK0B06330	W0T633	KLMA_20619	30	31	17	47	5	4	47	55	49	27	4	0
KMXK0E03090	W0TD39	KLMA_50304	93	104	109	61	28	42	94	84	105	72	72	38
KMXK0B08260	W0TAZ2	KLMA_20811	11	3	2	0	40	33	0	2	2	5	19	26
KMXK0A02470	W0T7Z3	KLMA_10592	47	31	36	9	6	6	27	19	19	47	32	40
KMXK0G00680	W0TG93	KLMA_80059	255	218	186	116	124	128	157	158	161	182	191	191
KMXK0F00940	W0TEH6	KLMA_60469	118	101	125	41	61	58	75	78	84	103	116	96
KMXK0A03790	W0T3V3	KLMA_10458	72	38	39	11	12	12	30	22	18	35	22	27
KMXK0A02960	W0T3I1	KLMA_10545	6	14	28	0	0	0	9	9	4	0	4	4
KMXK0D05180	W0TBW6	KLMA_40494	49	51	47	16	14	10	35	42	40	43	57	31
KMXK0G03090	W0TGV0	KLMA_80299	28	18	15	0	4	0	19	8	16	18	29	15
KMXK0D03860	W0TC72	KLMA_40362	3	7	10	0	0	4	21	30	15	12	14	9
KMXK0F02490	W0THK9	KLMA_60323	0	0	0	0	0	0	0	4	0	10	11	10
KMXK0B06430	W0T644	KLMA_20629	6	10	0	0	0	0	12	8	10	0	0	0
KMXK0D01880	W0T9T0	KLMA_40161	27	21	20	2	3	2	12	12	16	17	23	20
KMXK0E02020	W0TDH9	KLMA_50197	40	44	34	10	10	14	41	44	25	30	53	30
KMXK0E01130	W0TCJ3	KLMA_50104	47	46	41	14	12	13	30	39	42	38	41	36
KMXK0C05210	W0T899	KLMA_30527	22	18	17	5	0	0	10	8	14	20	21	15
KMXK0E01660	W0TBQ4	KLMA_50161	23	28	49	22	47	39	41	53	36	74	77	69
KMXK0C03840	W0T7T0	KLMA_30387	33	35	41	10	13	16	29	37	36	39	53	42
KMXK0D02430	W0TDP8	KLMA_40220	54	18	20	4	7	7	9	16	20	10	16	16
KMXK0C01560	W0T8S6	KLMA_30153	134	103	88	59	56	57	75	77	91	118	103	77
KMXK0B03480	W0T7N1	KLMA_20333	4	10	7	70	3	4	7	5	6	21	8	17
KMXK0A05270	W0T4J0	KLMA_10336	68	56	47	28	23	34	62	66	66	52	61	59
KMXK0A00480	W0T498	KLMA_10795	16	20	16	2	4	2	17	17	18	19	18	19
KMXK0D02830	W0TB52	KLMA_40259	29	30	17	6	5	4	24	16	19	20	26	17
KMXK0A03180	W0T7R5	KLMA_10522	12	9	11	0	0	1	10	10	14	6	11	15
KMXK0E03650	W0TFY3	KLMA_50360	8	23	7	0	6	6	20	14	9	14	33	25
KMXK0H00920	W0TFW4	KLMA_70095	68	63	68	29	33	26	43	46	45	54	60	51
KMXK0B03460	W0T9M7	KLMA_20331	6	6	4	55	0	0	5	1	3	23	7	6
KMXK0C04790			9	11	12	0	0	0	7	6	5	5	4	5
KMXK0F03550	W0TDT2	KLMA_60219	128	127	104	69	75	83	107	117	95	111	143	124
KMXK0D05750	W0TAA8	KLMA_40548	13	6	5	0	0	0	6	2	3	9	9	10
KMXK0D06610	W0TAI1	KLMA_40628	4	3	9	0	0	0	8	2	6	0	0	0
KMXK0B00510	W0T614	KLMA_20040	11	10	12	2	0	0	14	12	12	4	14	7
KMXK0G00710	W0TFG9	KLMA_80061	37	42	31	16	15	12	30	34	42	43	40	33
KMXK0B05260	W0T844	KLMA_20513	8	24	4	8	16	4	19	23	18	3	1	5
KMXK0E04320	W0TCE4	KLMA_50431	53	44	39	20	16	15	34	31	46	34	27	26
KMXK0B02340	W0T6J0	KLMA_20220	51	98	105	46	53	55	56	71	69	89	100	86
KMXK0H03880	W0TFU6	KLMA_70392	0	3	3	0	0	0	0	1	0	6	13	3
KMXK0C05490	W0T8B2	KLMA_30552	32	31	25	8	11	9	30	23	24	32	37	20
KMXK0F03040	W0TD46	KLMA_60271	58	71	62	46	56	46	60	68	53	86	101	88
KMXK0C00570			16	14	10	1	1	2	3	6	5	11	13	8
KMXK0A02290	W0T3Q1	KLMA_10610	33	15	23	6	11	8	18	21	45	32	28	20
KMXK0F05420	W0TE50	KLMA_60037	83	80	54	30	32	43	51	55	62	53	53	44
KMXK0F02690	W0TDZ5	KLMA_60304	29	15	18	4	6	5	9	10	14	18	26	16
KMXK0E04230	W0TDD2	KLMA_50419	36	54	57	58	91	115	76	87	39	85	90	72
KMXK0G01200	W0TH90	KLMA_80112	12	6	10	0	0	0	6	5	5	9	7	3
KMXK0A06740	W0T459	KLMA_10181	24	27	13	9	7	8	27	28	33	21	19	21
KMXK0B01850	W0T5D1	KLMA_20172	53	52	41	32	28	26	54	52	49	62	64	60
KMXK0C03060	W0T7K6	KLMA_30312	165	173	184	131	108	103	135	148	127	151	152	143
KMXK0B00390	W0T505	KLMA_20027	5	5	6	1	4	3	6	9	2	17	18	14
KMXK0A04610			31	36	25	16	8	7	30	34	24	24	27	22
KMXK0H02310	W0TG76	KLMA_70230	0	11	17	4	3	4	0	6	0	17	14	10
KMXK0F03260	W0THE8	KLMA_60248	34	34	26	13	13	5	16	24	18	24	30	26
KMXK0B01430	W0T598	KLMA_20132	24	40	9	12	17	14	30	27	33	12	6	14
KMXK0D01560	W0TBF9	KLMA_40132	0	0	0	9	2	2	0	0	0	0	0	0
KMXK0C06890	W0TD03	KLMA_30684	7	5	12	0	3	3	4	0	7	0	0	0
KMXK0C02640	W0TBT2	KLMA_30264	134	131	100	79	82	76	101	108	91	130	117	114
KMXK0A05810	W0T527	KLMA_10279	88	81	70	52	39	49	69	75	50	73	88	82
KMXK0E03160	W0TC29	KLMA_50311	28	21	20	8	5	6	21	20	22	18	21	19
KMXK0A02520	W0T7Y5	KLMA_10587	4	7	0	0	0	0	6	12	4	2	0	2
KMXK0F01840	W0TE87	KLMA_60389	4	3	4	1	2	0	1	4	3	12	14	7
KMXK0E03080	W0TBE6	KLMA_50303	4	7	6	4	0	0	1	1	2	13	10	7
KMXK0C06610	W0T8K8	KLMA_30662	6	9	0	0	0	0	3	0	4	0	0	0
KMXK0B02930	W0T7E5	KLMA_20278	43	38	28	19	14	17	32	34	35	41	41	36
KMXK0F03070	W0THG5	KLMA_60268	39	51	39	30	20	19	45	45	57	53	29	50
KMXK0D04130	W0TAI6	KLMA_40391	10	14	16	3	1	2	13	8	12	15	13	8
KMXK0C01110	W0T7M0	KLMA_30105	42	49	49	17	27	24	25	38	26	42	43	43
KMXK0C06020	W0T8F1	KLMA_30602	73	128	130	58	65	80	97	103	91	93	95	90
KMXK0B07870	W0T6I3	KLMA_20774	19	20	26	8	10	9	16	7	12	7	5	6
KMXK0B04790	W0T804	KLMA_20468	24	15	15	9	6	4	22	17	23	22	22	21
KMXK0E05440	W0TEF8	KLMA_50547	6	8	4	1	0	0	2	0	0	4	7	6
KMXK0F00670	W0TFF0	KLMA_60497	38	29	29	16	11	13	27	34	35	21	26	18
KMXK0C00500	W0T6V5	KLMA_30047	7	4	2	1	3	2	0	0	0	2	10	9
KMXK0E05880	W0TEK8	KLMA_50592	149	139	119	85	91	87	113	120	117	125	116	106
KMXK0H02650	W0TGB1	KLMA_70265	35	27	35	17	14	8	21	25	31	31	37	27
KMXK0G02290	W0TFW7	KLMA_80221	8	8	5	0	0	0	0	0	6	2	3	1
KMXK0D00970	W0T9L0	KLMA_40081	64	66	56	33	34	28	54	45	60	52	50	47
KMXK0E01590	W0TCR6	KLMA_50154	30	27	32	19	6	6	19	23	30	23	18	15
KMXK0E01340	W0TBH2	KLMA_50126	21	14	13	4	5	5	9	14	4	19	22	13
KMXK0E06170	W0TCX5	KLMA_50621	7	9	8	0	0	1	9	11	4	5	2	10
KMXK0H01900	W0TEH0	KLMA_70189	3	7	0	0	2	0	5	8	8	0	0	1
KMXK0F01240	W0TEE2	KLMA_60439	3	3	0	4	4	6	0	0	0	0	0	0
KMXK0A03690	W0T3V9	KLMA_10468	94	97	91	62	56	71	96	90	85	101	108	95
KMXK0B07840	W0TAV4	KLMA_20771	20	23	11	13	8	9	28	28	15	12	6	7
KMXK0F04890	W0TE99	KLMA_60087	84	77	59	34	44	46	45	51	66	69	64	63
KMXK0B01110	W0T6W1	KLMA_20098	13	23	22	4	16	6	10	16	11	24	19	33
KMXK0D01520	W0T939	KLMA_40128	0	0	0	5	3	3	0	0	0	0	0	0
KMXK0A00610	W0T6I7	KLMA_10779	5	3	2	0	1	1	3	3	0	10	11	6
KMXK0F01350	W0TF72	KLMA_60427	34	26	24	15	7	8	21	24	24	21	10	18
KMXK0E03550	W0TFX2	KLMA_50350	9	4	6	0	0	0	4	5	6	5	6	6
KMXK0C04880	W0TAG0	KLMA_30491	36	30	31	15	14	19	36	24	35	19	16	17
KMXK0F00810	W0TDP7	KLMA_60481	4	8	3	6	4	2	15	6	15	2	0	3
KMXK0B04090	W0T737	KLMA_20395	4	4	1	1	1	0	0	0	0	7	4	6
KMXK0E02870	W0TBC7	KLMA_50283	20	18	18	6	3	7	12	11	22	28	16	12
KMXK0C05770	W0T8D0	KLMA_30577	4	13	13	2	8	5	10	15	5	22	17	20
KMXK0B07940	W0TAW4	KLMA_20781	28	91	91	46	48	44	69	80	79	78	79	70
KMXK0C00660	W0T6W9	KLMA_30062	9	6	5	0	0	0	2	4	4	6	5	4
KMXK0E00450	W0TCD4	KLMA_50039	22	8	12	3	7	7	3	9	3	19	16	13
KMXK0C07040	W0T8P1	KLMA_30697	30	26	15	7	9	9	14	18	26	29	26	16
KMXK0D03880	W0TBK2	KLMA_40364	13	0	0	1	3	2	0	0	0	0	0	0
KMXK0A07730	W0T4F1	KLMA_10079	46	38	36	17	17	18	29	33	32	26	27	26
KMXK0B03690	W0T5D8	KLMA_20354	38	23	29	12	10	11	16	18	17	23	15	18
KMXK0C04640	W0TAB9	KLMA_30466	8	6	10	0	2	0	7	9	6	10	9	6
KMXK0B08130	W0T873	KLMA_20800	38	34	30	15	17	16	24	33	31	39	36	33
KMXK0A02100	W0T619	KLMA_10629	0	0	0	0	0	0	5	3	2	0	0	0
KMXK0E02090	W0TB66	KLMA_50203	0	0	0	0	0	0	0	0	0	4	4	2
KMXK0C06330	W0TCV6	KLMA_30634	64	99	78	62	54	40	90	70	93	79	67	81
KMXK0B04100	W0T9U3	KLMA_20396	0	0	2	0	0	0	1	3	0	5	6	5
KMXK0H01730	W0TG27	KLMA_70175	27	28	13	7	8	6	16	18	20	14	21	16
KMXK0D04930	W0TEG4	KLMA_40470	65	62	58	51	23	34	58	55	68	55	61	63
KMXK0G01090	W0TFK2	KLMA_80101	8	21	16	1	5	5	17	14	12	9	17	13
KMXK0H01440	W0TF61	KLMA_70147	8	5	0	0	0	0	2	0	2	11	5	0
KMXK0B07300	W0T6C1	KLMA_20714	3	5	8	0	0	0	1	2	1	7	4	2
KMXK0B07830	W0T847	KLMA_20770	0	1	0	0	1	1	0	1	0	6	5	5
KMXK0E05830	W0TEK4	KLMA_50587	0	13	14	3	2	4	1	4	7	9	16	14
KMXK0F04170	W0TCT8	KLMA_60151	12	25	4	6	9	4	22	23	12	5	4	13
KMXK0C00350	W0T8H0	KLMA_30033	33	21	27	10	13	12	19	16	40	34	30	22
KMXK0G01070	W0TGD1	KLMA_80099	23	15	16	8	5	4	14	15	11	21	18	17
KMXK0C05920	W0T8E4	KLMA_30592	24	17	21	8	8	6	19	16	15	20	26	19
KMXK0C06070	W0T8F6	KLMA_30607	3	5	5	0	2	2	7	9	4	8	10	14
KMXK0G04240	W0TH74	KLMA_80419	5	5	0	0	0	0	4	5	0	0	0	0
KMXK0B03700	W0T703	KLMA_20355	3	7	1	0	0	0	5	2	5	0	1	0
KMXK0A08150	W0T4A3	KLMA_10034	19	24	5	7	9	6	19	18	17	5	6	9
KMXK0E01180	W0TCJ8	KLMA_50109	6	3	0	1	1	0	8	2	5	0	0	0
KMXK0E01930	W0TB54	KLMA_50188	9	11	0	2	0	0	0	7	4	12	6	7
KMXK0B02780	W0T7C7	KLMA_20263	36	68	66	35	40	48	58	49	46	59	79	76
KMXK0B02660	W0T6M3	KLMA_20250	25	26	14	13	12	11	28	32	33	17	27	21
KMXK0E02930	W0TBD1	KLMA_50288	15	20	5	0	8	5	14	16	18	6	7	10
KMXK0A00150	W0T4C9	KLMA_10830	23	5	2	11	5	3	9	6	4	1	0	2
KMXK0G04160	W0TI27	KLMA_80412	8	10	9	1	2	2	8	11	13	9	10	10
KMXK0B05490	W0T5V4	KLMA_20534	4	6	4	0	0	0	5	6	6	5	5	3
KMXK0H02790	W0TIZ7	KLMA_70281	36	38	37	23	19	10	28	33	29	34	29	42
KMXK0A07870	W0T294	KLMA_10065	27	16	18	6	7	7	13	9	16	16	23	16
KMXK0A04020	W0T3S7	KLMA_10433	5	6	0	3	0	0	5	6	4	0	0	0
KMXK0H02160	W0TG63	KLMA_70215	18	7	9	2	3	0	8	7	11	9	8	4
KMXK0C02740	W0T828	KLMA_30275	4	1	0	0	0	0	5	4	3	4	6	6
KMXK0C00640	W0T7I5	KLMA_30060	4	4	0	0	0	0	3	4	3	0	0	0
KMXK0A00360	W0T8M0	KLMA_10807	4	5	6	0	0	0	2	3	2	5	6	4
KMXK0F00420	W0TGA9	KLMA_60525	0	1	1	0	0	0	2	1	2	5	7	3
KMXK0C05420	W0TAM9	KLMA_30546	32	26	25	13	6	12	17	18	27	27	19	15
KMXK0B06720	W0T670	KLMA_20659	11	24	9	8	11	8	25	35	14	21	18	20
KMXK0B01120	W0T4M1	KLMA_20099	0	2	7	0	0	0	0	0	0	0	0	0
KMXK0D02370			0	5	5	0	4	0	0	4	0	7	13	5
KMXK0A01420	W0T4L3	KLMA_10698	31	23	27	13	7	10	17	22	16	23	22	17
KMXK0B05750	W0T875	KLMA_20558	41	43	45	24	25	25	41	43	34	49	45	49
KMXK0F00520	W0TFI3	KLMA_60512	25	20	19	8	4	9	16	17	18	18	19	15
KMXK0H01760	W0TGT0	KLMA_70178	11	27	20	0	11	6	8	12	15	18	0	13
KMXK0B04470	W0T5K5	KLMA_20434	6	5	2	0	0	0	2	5	0	6	5	5
KMXK0G03510	W0TKF5	KLMA_80343	12	6	9	0	2	2	9	5	6	11	10	7
KMXK0A05880	W0T734	KLMA_10272	0	0	0	0	0	0	6	0	1	3	7	0
KMXK0A07140	W0T2G6	KLMA_10140	6	15	2	6	9	3	9	17	7	0	2	3
KMXK0B02670	W0T9D8	KLMA_20251	6	4	0	5	5	0	6	8	3	0	0	0
KMXK0C02930	W0T7J1	KLMA_30297	3	3	4	0	0	0	0	1	0	4	5	2
KMXK0G00760	W0THU7	KLMA_80065	19	23	14	8	12	6	17	18	16	28	24	21
KMXK0F00600	W0TEN7	KLMA_60504	18	24	21	17	11	9	8	12	9	26	24	19
KMXK0D06370	W0TB24	KLMA_40606	16	9	10	4	3	3	9	10	7	16	13	13
KMXK0C01490	W0T753	KLMA_30147	8	9	8	0	1	2	3	4	3	4	9	7
KMXK0B02840	W0T529	KLMA_20269	4	5	7	3	0	0	6	0	5	9	9	9
KMXK0H00760	W0TE62	KLMA_70079	3	5	5	0	0	0	4	2	2	4	7	4
KMXK0G02360	W0TK50	KLMA_80228	7	5	3	0	0	0	3	4	2	0	4	0
KMXK0B02630	W0T5K3	KLMA_20247	11	8	6	0	0	3	6	5	7	5	10	8
KMXK0E03060	W0TC20	KLMA_50301	4	0	7	0	0	0	4	3	2	6	6	4
KMXK0F04880	W0TGZ8	KLMA_60088	5	4	2	2	2	0	4	4	6	0	0	0
KMXK0D00530	W0TAJ8	KLMA_40039	12	23	16	13	9	6	11	12	19	27	25	22
KMXK0A05670	W0T4G0	KLMA_10296	31	14	15	10	23	24	10	8	7	4	8	19
KMXK0H00420	W0TE32	KLMA_70044	32	61	66	42	26	25	63	50	45	45	51	48
KMXK0B03140	W0T557	KLMA_20299	12	14	6	0	3	2	4	6	7	4	10	8
KMXK0C00800	W0TBB0	KLMA_30074	5	6	5	1	0	0	6	4	3	8	8	4
KMXK0E02330	W0TFL2	KLMA_50230	1	0	0	3	4	2	0	0	0	4	3	4
KMXK0D04640	W0TCE1	KLMA_40442	17	7	13	4	2	4	9	10	14	6	7	3
KMXK0A01450	W0T415	KLMA_10695	32	30	19	20	11	11	23	25	23	31	38	26
KMXK0D02350	W0T9Y4	KLMA_40211	3	4	5	2	0	0	4	3	3	9	8	7
KMXK0C03420	W0T9A8	KLMA_30348	4	2	4	0	0	0	2	0	0	0	0	0
KMXK0B01130	W0T668	KLMA_20100	0	0	0	0	0	0	2	5	2	4	3	0
KMXK0C00430	W0T972	KLMA_30041	1	5	1	0	0	0	3	4	2	0	0	0
KMXK0A07020	W0T2Z0	KLMA_10153	12	6	9	3	0	0	6	4	6	5	5	3
KMXK0A02920	W0T7U4	KLMA_10547	2	2	4	7	8	6	3	3	1	15	9	6
KMXK0F03620	W0TDS4	KLMA_60209	16	14	12	3	4	6	8	9	12	18	15	12
KMXK0C02820	W0TBU7	KLMA_30284	13	13	4	2	2	3	11	7	9	3	3	5
KMXK0D05140	W0TAS9	KLMA_40491	19	21	11	9	4	4	6	6	14	7	7	7
KMXK0D02980	W0TBB5	KLMA_40274	18	10	10	5	2	4	8	7	5	13	19	6
KMXK0D00580	W0TD75	KLMA_40045	0	7	1	0	0	0	0	0	0	3	5	0
KMXK0A07650	W0T2S0	KLMA_10088	1	0	0	0	0	0	1	0	0	4	7	0
KMXK0F00860	W0TDP3	KLMA_60476	29	26	26	12	12	12	26	22	24	24	30	24
KMXK0C00300	W0T8G6	KLMA_30028	4	6	2	0	0	0	6	4	2	2	7	5
KMXK0A02180	W0T5A6	KLMA_10621	11	16	20	3	5	6	8	10	17	9	6	7
KMXK0E01920	W0TDG9	KLMA_50187	21	12	12	3	6	5	9	8	7	13	15	13
KMXK0G00890	W0THW1	KLMA_80080	3	4	4	0	0	1	0	1	1	7	4	4
KMXK0C00120	W0T7D8	KLMA_30010	0	0	1	12	0	0	0	0	0	3	0	0
KMXK0E03920	W0TDZ2	KLMA_50387	6	5	3	0	0	0	0	3	2	4	5	2
KMXK0B05660	W0TA79	KLMA_20551	12	5	6	0	2	2	2	8	2	2	0	2
KMXK0C07370			4	5	11	0	2	3	10	10	9	5	4	2
KMXK0B02790	W0T523	KLMA_20264	37	42	49	23	28	29	46	37	48	39	59	47
KMXK0A04010	W0T5F9	KLMA_10434	14	17	16	9	0	8	20	13	19	13	18	11
KMXK0G02160	W0TFV3	KLMA_80206	12	11	12	3	3	2	10	14	8	7	10	5
KMXK0H01820	W0TF91	KLMA_70182	9	6	9	2	2	2	0	5	5	12	11	5
KMXK0D04650	W0TA15	KLMA_40443	25	34	19	7	12	18	26	32	25	19	25	22
KMXK0D04360	W0T9Y7	KLMA_40413	7	11	7	3	1	0	6	10	8	8	7	8
KMXK0H02020	W0TIS9	KLMA_70201	4	2	4	0	0	0	0	0	1	3	3	3
KMXK0C06820	W0T8M2	KLMA_30677	31	35	28	25	30	23	24	34	22	42	50	44
KMXK0D05020	W0TBV3	KLMA_40479	68	51	45	33	29	30	49	39	51	43	47	41
KMXK0G03030	W0TGU4	KLMA_80294	12	18	12	10	7	3	12	15	18	7	1	9
KMXK0F02730	W0TD76	KLMA_60301	19	13	11	5	3	4	16	8	14	11	11	6
KMXK0E02660	W0TDN9	KLMA_50262	24	32	26	15	14	15	25	24	34	26	34	34
KMXK0H00510	W0TE41	KLMA_70054	6	8	4	1	0	0	3	5	8	4	4	5
KMXK0C05060	W0TAJ7	KLMA_30511	4	6	3	0	0	0	3	3	5	5	4	3
KMXK0A01170	W0T4N4	KLMA_10723	21	20	16	7	7	5	13	12	14	16	19	9
KMXK0D01570	W0T944	KLMA_40133	5	20	31	29	17	17	23	18	21	35	43	28
KMXK0B06450	W0TAF9	KLMA_20631	5	4	3	0	0	0	5	0	2	4	7	2
KMXK0C04780	W0T8N2	KLMA_30480	7	6	6	2	0	0	5	7	6	8	8	3
KMXK0G00700	W0THU2	KLMA_80060	13	18	18	5	7	3	21	6	13	8	7	22
KMXK0C03930	W0TA51	KLMA_30396	6	11	7	0	6	5	0	9	0	12	16	5
KMXK0A07240	W0T2F8	KLMA_10130	5	0	0	0	0	0	0	5	0	8	6	0
KMXK0C00740	W0T8K1	KLMA_30068	4	3	2	0	0	0	0	1	1	4	3	4
KMXK0B00950	W0T6U8	KLMA_20083	0	0	0	0	0	0	0	0	2	2	5	2
KMXK0C05660			0	3	4	0	0	0	3	0	0	5	5	3
KMXK0G02920			10	5	6	2	2	0	2	4	4	8	9	7
KMXK0B03320	W0T9K2	KLMA_20316	3	3	3	0	0	0	3	1	0	0	0	0
KMXK0F04250	W0TH50	KLMA_60143	8	0	1	0	0	0	0	0	4	0	0	0
KMXK0H03420	W0TH96	KLMA_70343	0	4	0	0	0	0	4	4	1	0	0	0
KMXK0G04170	W0TKM4	KLMA_80413	61	53	34	22	30	31	34	50	37	43	48	40
KMXK0H02420	W0TIW6	KLMA_70241	6	5	3	0	0	0	3	3	3	3	2	3
KMXK0E03370	W0TBH5	KLMA_50333	21	8	12	6	10	15	6	3	3	12	14	12
KMXK0G01580	W0TGH6	KLMA_80149	13	14	14	6	2	3	10	11	12	15	4	9
KMXK0A02700	W0T5V1	KLMA_10569	5	2	1	0	0	0	3	4	1	2	6	6
KMXK0A02390	W0T3P0	KLMA_10600	0	2	0	0	0	0	2	4	0	3	6	3
KMXK0A07780	W0T4E7	KLMA_10074	6	2	4	0	0	2	2	1	3	0	0	0
KMXK0C05530	W0TAN7	KLMA_30556	6	10	7	17	17	24	19	21	14	11	17	9
KMXK0F01560	W0THU8	KLMA_60413	0	0	0	0	0	0	2	1	4	0	0	0
KMXK0F03410	W0THD6	KLMA_60233	4	0	3	0	0	0	0	0	0	0	0	0
KMXK0G02060	W0TFU2	KLMA_80196	10	7	6	0	0	4	7	5	7	0	3	5
KMXK0G02500	W0TGQ0	KLMA_80239	5	6	5	2	0	0	8	5	4	6	9	5
KMXK0F03480	W0TD08	KLMA_60226	18	19	17	10	7	6	15	14	25	20	18	19
KMXK0G02720	W0TG05	KLMA_80261	9	18	19	10	10	16	10	13	9	25	27	19
KMXK0C00520	W0TB91	KLMA_30049	8	2	6	2	1	1	4	6	2	10	9	7
KMXK0E00360	W0TB75	KLMA_50031	1	0	0	0	0	0	0	0	0	3	4	1
KMXK0B00330	W0T6Q3	KLMA_20023	5	10	13	35	13	15	13	15	8	18	25	14
KMXK0C05480	W0TAN3	KLMA_30551	12	7	10	4	4	6	16	13	8	15	19	11
KMXK0B00460	W0T609	KLMA_20035	8	9	15	3	5	5	8	8	2	12	17	11
KMXK0D04660	W0TBS0	KLMA_40444	11	20	17	13	5	4	16	16	26	12	21	16
KMXK0G02680	W0THL8	KLMA_80257	10	11	13	11	5	4	8	15	6	18	19	18
KMXK0A05420	W0T2Y2	KLMA_10320	3	5	3	0	0	0	2	0	1	3	3	3
KMXK0D02880			1	3	2	2	0	0	3	1	2	8	8	3
KMXK0G00460	W0TFE8	KLMA_80036	2	4	0	0	0	0	4	4	2	1	0	0
KMXK0D01430	W0TDE4	KLMA_40120	3	4	3	0	1	0	0	0	0	1	4	1
KMXK0B03090	W0T553	KLMA_20294	24	22	19	7	13	12	18	22	18	22	27	24
KMXK0C07340	W0TAG2	KLMA_30728	0	3	4	13	0	0	0	0	0	6	2	0
KMXK0C02010	W0TBL9	KLMA_30199	3	8	6	3	7	9	6	6	3	13	15	14
KMXK0F00710	W0TI30	KLMA_60493	31	37	21	19	14	19	24	37	19	33	39	31
KMXK0A01920	W0T4D7	KLMA_10648	1	1	0	0	0	0	0	1	0	5	3	2
KMXK0F05130	W0TGX6	KLMA_60063	8	6	8	3	0	2	2	5	6	10	8	8
KMXK0H00240	W0TFQ2	KLMA_70025	5	7	4	1	1	1	4	6	6	6	9	8
KMXK0E03730			11	13	9	3	5	3	11	12	11	10	18	9
KMXK0B01410	W0T694	KLMA_20130	2	9	23	2	4	3	7	9	13	11	11	8
KMXK0E04820	W0TBV9	KLMA_50478	6	4	6	0	0	1	2	0	4	4	6	2
KMXK0A00680	W0T5S6	KLMA_10771	10	14	7	4	2	3	7	10	6	11	13	10
KMXK0A03100	W0T519	KLMA_10531	0	1	2	0	0	1	2	1	2	4	6	5
KMXK0C05610	W0T8C0	KLMA_30562	4	4	0	0	1	0	5	5	2	0	0	1
KMXK0F04540	W0TH25	KLMA_60118	47	45	36	25	26	22	33	37	19	34	39	39
KMXK0C04280	W0TA81	KLMA_30431	26	28	20	14	11	10	24	27	20	15	20	18
KMXK0G02540	W0TK65	KLMA_80243	6	4	4	0	0	1	2	2	6	4	9	3
KMXK0D03490	W0T9R0	KLMA_40328	4	4	2	0	0	0	2	2	1	1	0	0
KMXK0B07730	W0T838	KLMA_20760	2	0	0	0	0	0	0	0	3	4	4	3
KMXK0C03790	W0T7S6	KLMA_30382	6	6	2	4	1	3	8	8	16	7	8	8
KMXK0C06160	W0T8G4	KLMA_30617	5	3	3	1	0	0	3	5	0	6	5	6
KMXK0D02480	W0TDQ2	KLMA_40225	4	3	1	0	0	0	0	2	0	0	0	0
KMXK0F01410	W0TFX4	KLMA_60425	31	35	30	20	20	19	45	31	36	33	22	38
KMXK0F01280	W0TED6	KLMA_60434	6	0	2	0	0	0	3	2	6	1	2	0
KMXK0C01620	W0TBI8	KLMA_30159	7	4	0	1	1	1	0	0	0	1	5	2
KMXK0F04390	W0TGF0	KLMA_60129 KLMA_80119	15	13	14	5	4	4	8	9	6	13	12	7
KMXK0H03390	W0TGJ2	KLMA_70340	5	2	3	0	0	0	0	1	0	2	0	1
KMXK0E01440	W0TBJ5	KLMA_10229 KLMA_50136	52	38	42	34	28	26	38	32	29	50	48	44
KMXK0B07490	W0T6D8	KLMA_20734	2	13	15	7	10	14	6	7	7	12	23	19
KMXK0C02970	W0T9V1	KLMA_30301	14	10	15	4	5	7	12	11	14	19	16	12
KMXK0E01220	W0TAV5	KLMA_50113	7	9	6	2	0	4	8	8	4	11	10	8
KMXK0D01290	W0TBD2	KLMA_40107	13	11	11	4	3	5	5	12	10	14	12	13
KMXK0E01600	W0TFE7	KLMA_50155	0	2	7	2	2	2	3	0	2	7	11	5
KMXK0C01400	W0TBH1	KLMA_30139	6	6	10	2	1	1	3	6	13	9	5	4
KMXK0E02130	W0TCW9	KLMA_50209	4	3	0	0	0	0	0	5	0	5	5	2
KMXK0A04670	W0T5C5	KLMA_10394	5	2	0	0	0	0	2	0	3	0	0	0
KMXK0A04500			12	13	21	5	9	5	14	13	20	18	15	14
KMXK0A02170	W0T823	KLMA_10622	9	12	13	5	3	5	14	13	14	10	7	8
KMXK0E02400	W0TDL5	KLMA_50237	32	37	26	17	15	15	23	31	22	24	22	28
KMXK0E02250	W0TBV4	KLMA_50221	1	3	3	0	0	0	3	5	4	3	2	2
KMXK0E02610	W0TBA6	KLMA_50258	3	1	3	0	0	0	3	0	3	5	2	5
KMXK0H00330	W0TE22	KLMA_70034	39	27	22	33	16	13	29	24	27	19	13	13
KMXK0A01770	W0T4F5	KLMA_10663	19	26	20	18	13	10	22	27	21	30	25	31
KMXK0D03520	W0TAE0	KLMA_40331	3	2	3	1	0	0	0	2	0	3	8	2
KMXK0B01820	W0T4T1	KLMA_20169	49	44	35	25	26	24	32	37	19	33	39	39
KMXK0D04950	W0TCG5	KLMA_40472	9	13	10	6	5	10	22	19	14	8	19	6
KMXK0H03610	W0TGL7	KLMA_70365	0	0	0	0	0	0	0	6	0	0	0	0
KMXK0G01000	W0TFJ4	KLMA_80091	0	0	0	0	0	0	0	0	0	3	1	2
KMXK0G02760	W0TIB4	KLMA_80265	0	0	0	0	0	0	0	0	0	1	4	1
KMXK0C01180	W0T715	KLMA_30112	0	0	0	0	0	0	0	0	0	2	2	2
KMXK0B02300			3	3	0	0	0	0	0	0	0	0	0	0
KMXK0B08160	W0T8X2	KLMA_20803	0	0	0	0	0	0	0	0	0	2	3	1
KMXK0A04130	W0T5E8	KLMA_10424	7	20	16	8	8	5	19	14	14	15	19	20
KMXK0D05720	W0TEN1	KLMA_40545	8	7	6	0	2	2	3	3	0	4	7	3
KMXK0G01360	W0THA5	KLMA_80127	8	6	3	0	2	0	0	4	0	1	5	2
KMXK0B04000	W0T9T5	KLMA_20386	3	1	2	0	0	0	3	0	0	3	4	4
KMXK0C05200	W0TAL0	KLMA_30526	2	6	5	1	0	0	5	4	4	8	0	6
KMXK0C01120	W0T9D1	KLMA_30106	5	12	9	3	4	3	13	15	4	12	11	11
KMXK0B00450	W0T6R0	KLMA_20033	4	4	5	1	0	0	2	4	3	5	5	5
KMXK0C07140	W0TB17	KLMA_30706	3	5	6	1	1	1	0	7	2	7	7	7
KMXK0B08020	W0T864	KLMA_20790	5	4	2	0	0	0	2	2	0	1	2	0
KMXK0D00590	W0T9I4	KLMA_40046	2	1	1	1	0	2	0	0	0	3	5	3
KMXK0D03280	W0TC25	KLMA_40307	0	5	2	0	0	1	0	2	0	3	6	4
KMXK0A01370	W0T4L8	KLMA_10703	2	1	0	0	0	0	2	3	0	2	5	4
KMXK0H01420	W0TG06	KLMA_70145	4	15	22	9	16	10	19	20	7	27	30	16
KMXK0B04820	W0TA08	KLMA_20471	1	1	0	0	0	0	2	2	2	3	5	2
KMXK0H01830	W0TGT5	KLMA_70183	0	0	0	0	0	0	0	0	1	5	0	2
KMXK0C04570	W0TCC0	KLMA_30459	5	19	10	6	7	4	15	16	7	5	3	7
KMXK0A02160	W0T4B1	KLMA_10623	4	3	6	4	5	3	3	6	8	12	12	11
KMXK0H04080	W0TGQ6	KLMA_70410	3	4	4	0	0	0	2	2	0	3	2	2
KMXK0A00600	W0T485	KLMA_10780	3	2	2	0	0	0	0	0	0	0	3	1
KMXK0C02060	W0TBM3	KLMA_30204	7	0	2	0	4	5	2	0	1	0	0	0
KMXK0D04150	W0T9W9	KLMA_40393	35	33	25	18	18	21	29	36	22	41	35	30
KMXK0A06380	W0T2P5	KLMA_10220	10	9	7	4	0	3	7	5	15	6	12	7
KMXK0C04620	W0TCC4	KLMA_30464	4	0	5	0	0	0	2	0	0	0	1	0
KMXK0E02190	W0TFJ8	KLMA_50215	20	12	18	9	8	9	8	3	9	10	9	7
KMXK0B02800	W0T6P0	KLMA_20265	15	15	11	5	8	8	10	16	12	14	28	13
KMXK0C04080	W0TA66	KLMA_30411	13	13	15	12	5	8	19	17	16	17	22	20
KMXK0A05460	W0T771	KLMA_10317	17	22	13	8	12	11	17	26	23	19	22	23
KMXK0F03370	W0TEN0	KLMA_60237	5	7	5	2	0	0	3	5	1	9	6	0
KMXK0C07020	W0T9A7	KLMA_30695	45	40	40	25	23	25	34	41	41	36	36	34
KMXK0H03430	W0TEX1	KLMA_70344	7	7	7	6	5	7	9	8	3	14	22	8
KMXK0C06390	W0T957	KLMA_30640	7	7	3	2	1	1	5	6	11	5	3	2
KMXK0A01620	W0T4J7	KLMA_10678	0	1	0	0	0	0	0	6	3	2	2	0
KMXK0E00290	W0TAK6	KLMA_50023	1	8	4	0	1	0	5	6	3	3	2	4
KMXK0H04260			3	1	3	0	0	0	1	2	0	3	5	2
KMXK0A07290	W0T2F2	KLMA_10125	6	4	0	0	0	0	0	4	3	1	0	2
KMXK0E02730	W0TFQ0	KLMA_50270	2	3	2	0	0	0	0	2	1	0	0	0
KMXK0D01730			0	0	3	0	1	0	0	3	0	4	5	4
KMXK0E05620	W0TCR7	KLMA_50566	5	2	2	0	0	0	0	3	0	0	0	1
KMXK0H02780	W0TEQ1	KLMA_70279	5	2	3	0	0	0	3	2	1	4	4	1
KMXK0B07150	W0T6A6	KLMA_20699	12	9	9	4	6	3	8	9	11	11	17	13
KMXK0B05110	W0T833	KLMA_20498	25	11	20	9	7	10	13	7	9	15	15	16
KMXK0F01830	W0TFT3	KLMA_60390	12	7	3	4	0	0	3	9	5	6	6	7
KMXK0F00330	W0TER4	KLMA_60534	1	1	0	0	0	0	0	0	0	3	4	0
KMXK0D05650	W0TA98	KLMA_40538	0	2	0	0	0	0	0	0	0	3	4	0
KMXK0B04370	W0T5J3	KLMA_20424	0	0	0	0	0	0	2	0	0	2	2	3
KMXK0A02510	W0T474	KLMA_10588	4	3	0	0	0	0	0	2	0	0	0	0
KMXK0F01510	W0TF60	KLMA_60417	5	1	1	0	0	0	1	0	1	0	0	0
KMXK0B02550	W0T6L2	KLMA_20240	0	2	0	0	0	0	4	0	3	0	0	0
KMXK0B07790	W0TAU9	KLMA_20766	1	1	0	0	0	0	2	4	1	0	0	0
KMXK0B02620	W0T9D3	KLMA_20246	9	6	6	2	4	1	4	3	7	0	3	1
KMXK0G00270	W0TG62	KLMA_80019	25	17	28	8	13	15	19	11	9	18	9	12
KMXK0A01050	W0T443	KLMA_10735	8	5	3	1	2	1	6	2	11	2	1	3
KMXK0C03610	W0T7Q9	KLMA_30367	6	11	9	5	1	3	9	10	5	12	13	8
KMXK0C00620	W0T8J2	KLMA_30058	2	0	4	0	0	0	0	0	0	0	5	0
KMXK0A03270	W0T5N8	KLMA_10514	31	22	18	11	16	8	18	23	25	24	19	23
KMXK0G03900	W0TIN9	KLMA_80385	7	9	8	2	0	3	7	5	1	9	6	5
KMXK0E03830	W0TBL2	KLMA_50378	1	2	3	0	0	0	0	4	7	3	3	0
KMXK0G00770	W0TFH3	KLMA_80066	4	9	12	7	9	5	19	14	16	9	7	8
KMXK0C03010	W0T9V6	KLMA_30306	2	5	1	0	0	0	4	4	2	2	3	3
KMXK0E02770	W0TD19	KLMA_50274	4	5	0	3	0	5	3	8	0	8	10	9
KMXK0C02660	W0T7G1	KLMA_30267	16	18	7	6	10	8	17	14	12	7	6	5
KMXK0B04900	W0T813	KLMA_20478	20	16	19	8	7	10	9	11	15	15	18	19
KMXK0B07570	W0T6Z2	KLMA_20742	56	60	44	40	36	46	55	53	64	62	66	59
KMXK0B02830	W0T7D4	KLMA_20268	46	52	35	35	36	35	34	49	33	50	57	58
KMXK0F00440	W0TI75	KLMA_60523	18	15	15	5	8	9	14	14	11	22	17	14
KMXK0D03030			3	3	2	0	0	0	0	2	1	3	4	2
KMXK0C01570	W0TBI3	KLMA_30154	5	8	6	0	1	3	8	5	7	5	1	4
KMXK0B04770	W0TA03	KLMA_20466	49	37	42	31	22	22	37	34	41	38	41	32
KMXK0E03190	W0TD47	KLMA_50314	0	0	0	1	0	0	3	3	2	1	0	0
KMXK0B03740	W0T5E2	KLMA_20359	3	5	0	1	0	0	3	4	6	1	1	1
KMXK0H02480	W0TGZ2	KLMA_70248	6	8	10	2	2	3	3	10	7	9	10	9
KMXK0C00180	W0T947	KLMA_30016	18	36	28	22	25	8	27	38	37	41	14	32
KMXK0F05440	W0TEW0	KLMA_60035	1	1	0	0	1	0	0	3	0	3	6	3
KMXK0C01080	W0T9C7	KLMA_30101	0	4	5	0	2	0	3	7	0	7	7	4
KMXK0A03850	W0T4T9	KLMA_10451	10	4	9	3	2	2	6	8	8	8	15	5
KMXK0B06000	W0T6L0	KLMA_20587	0	2	1	2	7	6	2	2	3	0	0	2
KMXK0C02950	W0TBW0	KLMA_30299	36	33	29	19	20	19	27	34	33	35	42	23
KMXK0D03920	W0T9U4	KLMA_40368	10	11	8	5	4	5	9	10	10	14	15	13
KMXK0D06070	W0TAD4	KLMA_40578	6	3	4	1	0	0	2	1	2	4	4	3
KMXK0F03610	W0TFA6	KLMA_60210	29	20	20	12	15	12	16	21	21	21	32	25
KMXK0A02660	W0T460	KLMA_10573	11	5	7	2	2	3	7	7	7	11	10	7
KMXK0E06260	W0TCY6	KLMA_50631	32	30	27	19	29	21	30	28	24	37	39	43
KMXK0A01580	W0T8A7	KLMA_10682	20	19	20	12	7	7	18	14	19	17	18	15
KMXK0C00770	W0T9A1	KLMA_30071	21	15	23	9	7	11	18	14	21	19	20	15
KMXK0G01880	W0TK04	KLMA_80178	21	16	13	8	6	5	15	11	8	14	10	10
KMXK0B07190	W0T8L8	KLMA_20703	0	0	2	0	0	0	0	1	1	3	4	2
KMXK0B01740	W0T943	KLMA_20161	13	10	8	5	2	2	6	6	8	10	11	6
KMXK0F03290	W0TFD6	KLMA_60245	2	0	2	0	2	2	3	0	0	6	5	5
KMXK0A02090	W0T3S4	KLMA_10630	5	3	2	0	0	0	2	3	2	1	2	2
KMXK0A02850	W0T440	KLMA_10553	2	2	3	0	0	0	3	3	4	2	2	2
KMXK0D03190	W0TAA7	KLMA_40296	5	0	5	0	0	0	0	0	6	2	3	2
KMXK0D03660	W0TC56	KLMA_40342	6	4	0	3	1	0	3	8	9	5	7	6
KMXK0F02050	W0TDD1	KLMA_60366	2	2	2	0	0	0	3	3	4	0	4	0
KMXK0A05330	W0T574	KLMA_10329	0	0	0	0	0	0	0	1	3	2	3	1
KMXK0F04580	W0TCQ4	KLMA_60116	6	0	0	0	0	0	0	0	4	0	0	0
KMXK0C06460	W0T8J4	KLMA_30647	1	2	1	0	0	0	0	0	0	3	3	0
KMXK0C03590	W0T8A2	KLMA_30365	20	29	37	37	38	29	44	52	45	52	20	44
KMXK0E03910	W0TCA4	KLMA_50386	4	4	4	3	0	0	3	0	1	6	6	4
KMXK0E00200	W0TAJ4	KLMA_50013	12	9	11	4	3	4	10	8	9	11	11	11
KMXK0A04060	W0T5F3	KLMA_10429	16	5	5	3	2	5	6	5	3	8	10	12
KMXK0A05230	W0T4J4	KLMA_10341	53	41	32	28	22	26	28	27	34	36	40	30
KMXK0A01630	W0T8A1	KLMA_10677	55	57	59	47	33	32	51	43	54	45	40	42
KMXK0C05750	W0T904	KLMA_30575	6	4	4	2	0	0	4	5	7	3	3	3
KMXK0D02440	W0T9Z4	KLMA_40221	7	6	4	2	0	0	6	5	1	2	4	3
KMXK0B03910	W0T9S8	KLMA_20376	14	5	5	2	3	0	3	3	10	5	7	6
KMXK0G02220	W0THH7	KLMA_80212	2	4	4	0	0	0	4	2	0	2	2	1
KMXK0D01260	W0T913	KLMA_40103	3	5	2	0	0	0	3	2	0	1	3	2
KMXK0F04730	W0TCP1	KLMA_60101	1	4	0	6	8	9	0	5	7	3	2	4
KMXK0A04000	W0T382	KLMA_10435	38	27	29	14	20	16	27	21	29	27	23	21
KMXK0B06560	W0T8F2	KLMA_20643	13	11	0	4	4	3	10	5	13	5	1	4
KMXK0A02550	W0T5W6	KLMA_10584	2	3	0	0	0	0	2	0	3	0	0	0
KMXK0D06270	W0TB15	KLMA_40596	0	0	0	0	0	0	0	0	0	3	2	0
KMXK0G02320	W0TGP0	KLMA_80224	0	0	0	0	0	0	0	0	0	3	2	0
KMXK0G03390	W0TG66	KLMA_80331	0	0	0	0	0	0	0	0	0	0	2	3
KMXK0F04320	W0TCS4	KLMA_60136	3	3	3	0	0	0	2	0	0	1	2	0
KMXK0H02610	W0TIY0	KLMA_70261	7	4	3	0	1	0	1	3	3	3	3	3
KMXK0G00230	W0THQ0	KLMA_80015	3	3	2	0	0	0	2	2	0	1	0	0
KMXK0C00940	W0T8L9	KLMA_30088	3	1	2	1	0	0	2	2	3	5	5	4
KMXK0D01630	W0TAU8	KLMA_40139	2	3	2	0	0	0	1	3	2	0	1	0
KMXK0A00410	W0T8L6	KLMA_10802	0	0	0	2	2	2	0	0	0	0	1	0
KMXK0A02350	W0T5Y9	KLMA_10604	0	0	0	2	1	3	1	0	0	0	0	0
KMXK0F04900	W0TCM8	KLMA_60086	2	11	8	0	6	0	5	9	3	7	9	9
KMXK0C01210			56	60	55	39	41	33	45	53	46	46	57	58
KMXK0E03890	W0TDA2	KLMA_50384	31	21	23	20	17	12	29	24	29	21	11	18
KMXK0A03880	W0T3U4	KLMA_10448	0	1	2	0	0	0	2	3	3	1	0	0
KMXK0A05310	W0T4I6	KLMA_10331	8	11	10	4	3	2	9	10	9	13	3	5
KMXK0D01740	W0TDH6	KLMA_40150	5	5	8	0	4	0	6	5	4	5	7	8
KMXK0D03480	W0TC43	KLMA_40327	4	3	1	0	0	0	3	4	0	3	3	2
KMXK0C07190	W0T8Q2	KLMA_30712	11	29	14	8	10	14	24	17	23	30	15	17
KMXK0B05550	W0T7G9	KLMA_20540	5	3	7	0	2	0	6	4	4	6	4	2
KMXK0C02940	W0T958	KLMA_30298	2	2	3	0	0	0	1	4	4	5	0	1
KMXK0G01480	W0TGG7	KLMA_80139	47	32	33	21	29	18	31	34	26	34	40	34
KMXK0A08240	W0T257	KLMA_10025	2	2	1	0	0	0	4	0	5	2	1	4
KMXK0E00750	W0TD28	KLMA_50067	1	1	2	1	1	0	3	4	5	6	4	3
KMXK0F00460	W0TDW9	KLMA_60521	6	0	0	0	0	0	0	0	2	0	0	0
KMXK0F01450	W0THV6	KLMA_60423	0	2	0	0	0	0	0	2	4	0	0	0
KMXK0F02070	W0TE61	KLMA_60364	0	0	0	0	0	0	1	1	0	1	4	1
KMXK0B01790	W0T6D1	KLMA_20165	19	25	13	12	16	15	22	22	15	10	7	12
KMXK0D03530	W0TC46	KLMA_40332	12	4	6	1	4	3	9	6	0	10	11	7
KMXK0F04990	W0TCM0	KLMA_60076	1	0	2	0	0	0	1	1	1	3	3	3
KMXK0A02320	W0T807	KLMA_10607	4	4	7	2	0	0	4	2	4	1	2	2
KMXK0B04910	W0T5P8	KLMA_20479	11	0	10	8	5	8	8	10	0	15	17	10
KMXK0E05560	W0TDR9	KLMA_50559	20	37	19	13	16	19	30	24	29	35	23	27
KMXK0C03810	W0TC41	KLMA_30384	22	16	15	6	11	11	21	14	13	21	21	18
KMXK0E00950	W0TBD0	KLMA_50086	7	0	2	0	0	0	0	1	2	2	1	2
KMXK0A07230	W0T3Y1	KLMA_10131	2	2	0	0	2	1	2	4	0	4	7	5
KMXK0B01610	W0T712	KLMA_20148	15	6	8	4	2	3	8	8	10	8	11	6
KMXK0E04270	W0TCD9	KLMA_50426	2	6	4	1	0	1	3	4	9	5	3	2
KMXK0A01110	W0T6E5	KLMA_10729	1	3	3	0	0	0	2	5	1	0	1	2
KMXK0D02190	W0T9W1	KLMA_40191	23	23	22	15	9	11	17	22	20	15	14	15
KMXK0A02110	W0T4B5	KLMA_10628	0	4	0	0	0	1	4	4	4	2	1	0
KMXK0G02490	W0TK60	KLMA_80238	7	4	0	0	1	2	3	4	2	0	0	1
KMXK0D04670	W0TEE1	KLMA_40445	4	9	6	2	1	1	10	4	2	6	8	4
KMXK0A03290	W0T7Q5	KLMA_10512	2	0	1	0	0	0	2	2	0	2	5	2
KMXK0F02820	W0TES6	KLMA_60292	3	4	0	3	6	1	7	6	5	1	0	2
KMXK0E04960	W0TEA1	KLMA_50492	2	7	4	1	2	2	3	3	3	6	9	7
KMXK0C01300	W0T730	KLMA_30127	5	5	6	3	0	0	5	5	3	7	5	5
KMXK0C04870	W0T8P4	KLMA_30490	4	2	0	0	0	0	0	2	3	4	2	3
KMXK0H00530	W0TIE6	KLMA_70056	33	19	32	16	19	13	32	25	21	24	30	28
KMXK0E04610	W0TDH2	KLMA_50459	4	4	4	0	1	1	1	4	2	7	4	4
KMXK0A01000	W0T6F3	KLMA_10739	2	4	1	0	0	0	3	1	1	1	0	0
KMXK0B06140	W0TAC8	KLMA_20601	2	1	4	0	0	0	0	1	0	0	1	0
KMXK0G01740	W0TI35	KLMA_80165	7	16	6	4	3	4	12	9	9	6	3	8
KMXK0F04860	W0TF09	KLMA_60090	13	8	5	5	5	3	2	4	3	8	9	8
KMXK0E00880	W0TCG8	KLMA_50079	3	0	1	4	3	2	1	2	2	0	0	0
KMXK0B03920	W0T620	KLMA_20377	1	3	1	0	0	0	3	1	5	0	4	0
KMXK0A04700	W0T7E2	KLMA_10392	3	0	1	0	0	0	0	0	0	3	0	2
KMXK0E03240	W0TD51	KLMA_50319	1	4	0	0	0	0	1	1	2	0	0	0
KMXK0B07240	W0T8M4	KLMA_20708	30	36	33	17	21	21	28	34	34	29	35	24
KMXK0D00690	W0TD84	KLMA_40055	29	32	25	21	13	14	24	26	30	21	31	22
KMXK0B04740	W0T7Z9	KLMA_20463	2	3	0	0	0	0	3	0	2	3	3	3
KMXK0D04170	W0TE95	KLMA_40395	2	3	3	0	0	0	2	2	0	0	4	3
KMXK0F03420	W0TEM6	KLMA_60232	3	2	1	0	0	0	2	3	1	0	1	0
KMXK0E03500			6	1	2	0	1	1	3	2	4	1	0	0
KMXK0F04460	W0TF38	KLMA_60125	2	3	1	0	0	0	0	0	3	2	4	2
KMXK0A01570	W0T4K1	KLMA_10683	11	40	27	41	32	19	37	49	39	42	27	38
KMXK0C04850	W0T9Q5	KLMA_30488	7	9	10	3	1	4	7	6	7	7	12	6
KMXK0G00660	W0TH38	KLMA_80057	6	7	3	1	2	0	4	6	6	3	4	5
KMXK0B08220			14	14	13	7	5	4	12	11	8	9	14	11
KMXK0E03020	W0TDS0	KLMA_50297	17	14	20	9	6	7	8	13	13	11	14	10
KMXK0A07170	W0T6N9	KLMA_10137	5	0	3	0	0	0	1	2	3	2	4	0
KMXK0F01010	W0TFA2	KLMA_60462	5	7	2	4	4	0	6	11	6	3	0	4
KMXK0A01790	W0T5E1	KLMA_10661	1	4	2	0	2	0	1	3	0	6	5	3
KMXK0E05350	W0TCN5	KLMA_50531	0	2	4	0	0	0	4	3	0	0	1	1
KMXK0H03080	W0TH59	KLMA_70308	2	3	2	0	2	0	0	0	0	3	0	3
KMXK0E03440	W0TFW5	KLMA_50340	6	7	2	1	0	1	3	3	2	2	3	1
KMXK0B01210	W0T4N2	KLMA_20109	14	11	14	8	3	4	6	14	12	7	13	6
KMXK0A07200	W0T4K7	KLMA_10134	4	5	2	1	0	0	2	3	5	3	4	3
KMXK0D01680	W0TAV3	KLMA_40144	6	3	2	0	1	0	1	2	1	3	4	2
KMXK0F00160	W0TI98	KLMA_60553	2	0	1	0	4	1	2	7	3	5	6	4
KMXK0C01390	W0T8R6	KLMA_30138	0	2	4	0	0	0	4	1	3	2	2	0
KMXK0C04800	W0T9Q0	KLMA_30483	0	2	0	0	0	0	0	1	0	2	3	2
KMXK0A03530	W0T7M8	KLMA_10487	2	0	0	0	0	0	3	2	2	0	1	0
KMXK0E01570	W0TBP5	KLMA_50151	1	3	3	0	0	0	2	0	0	0	0	1
KMXK0B03360	W0T6U3	KLMA_20320	16	15	7	8	5	5	13	13	16	8	12	8
KMXK0D01310	W0TAR9	KLMA_40109	0	1	1	0	0	1	0	1	0	5	3	1
KMXK0F01110	W0TF96	KLMA_60452	7	7	9	1	4	4	9	8	3	7	13	9
KMXK0E01300	W0TD73	KLMA_50122	3	2	1	0	0	0	2	3	2	2	3	2
KMXK0B00760	W0T6T4	KLMA_20063	3	3	2	0	0	0	0	3	0	0	2	3
KMXK0F04060	W0TEG3	KLMA_60162	0	0	0	2	3	0	0	0	0	1	1	1
KMXK0A06140	W0T4Z7	KLMA_10244	5	0	0	0	0	0	0	2	1	0	0	0
KMXK0D05760	W0TC17	KLMA_40549	0	0	0	0	0	0	2	3	0	1	1	1
KMXK0F03320	W0TEN4	KLMA_60242	1	0	2	0	0	0	0	0	0	1	2	2
KMXK0G02880	W0THN8	KLMA_80277	1	2	2	0	0	0	0	0	0	1	1	1
KMXK0F01640	W0THU3	KLMA_60408	0	2	1	0	0	0	0	0	0	1	3	1
KMXK0A04970	W0T4L6	KLMA_10366	1	2	2	0	0	0	0	0	0	0	2	1
KMXK0D06170	W0TCS1	KLMA_40587	2	3	2	0	0	1	4	4	3	3	0	0
KMXK0E05630	W0TEI1	KLMA_50567	10	5	10	6	2	6	7	9	9	12	13	13
KMXK0D04000	W0TAH3	KLMA_40376	1	2	2	2	0	0	3	1	1	6	5	3
KMXK0C07310	W0TD37	KLMA_30724	26	29	22	9	19	13	24	19	18	16	19	20
KMXK0B03710	W0T9R4	KLMA_20356	40	57	37	26	28	35	43	41	39	44	45	42
KMXK0C06700	W0TAZ1	KLMA_30671	7	19	18	3	13	6	11	14	16	7	8	10
KMXK0A00450	W0T8L0	KLMA_10797	0	2	1	0	2	1	0	0	0	2	4	2
KMXK0C05730	W0TA18	KLMA_30573	4	5	10	5	4	4	12	7	5	15	16	4
KMXK0G03840	W0TIN4	KLMA_80380	6	7	7	6	2	3	11	10	11	8	9	8
KMXK0A02670	W0T7W9	KLMA_10572	11	6	7	1	4	3	8	7	10	8	12	1
KMXK0F03100	W0TFF4	KLMA_60265	3	2	3	0	0	0	0	2	3	0	4	0
KMXK0H01750	W0TF86	KLMA_70177	0	0	1	0	0	0	0	0	0	2	1	2
KMXK0F00430	W0TEQ5	KLMA_60524	0	0	0	0	0	0	1	0	0	2	2	1
KMXK0B07610	W0T6Z9	KLMA_20747	0	0	1	0	0	0	0	0	5	0	0	0
KMXK0B01490	W0T699	KLMA_20135	0	0	0	0	0	0	2	2	1	0	1	0
KMXK0B03960	W0T624	KLMA_20382	3	1	1	0	0	0	0	0	0	1	0	0
KMXK0E04540	W0TBT6	KLMA_50453	1	0	0	0	0	0	0	0	0	0	2	3
KMXK0G00790	W0TJR0	KLMA_80068	1	0	0	0	0	0	2	1	2	0	0	0
KMXK0D06020	W0TAD0	KLMA_40573	0	0	0	0	0	0	0	1	0	2	1	2
KMXK0C07260	W0TD31	KLMA_30719	1	0	0	0	3	2	0	0	0	0	0	0
KMXK0D02570	W0TB30	KLMA_40234	10	8	11	2	8	5	11	9	6	11	15	13
KMXK0E04850	W0TCI4	KLMA_50481	8	8	9	1	6	2	12	9	6	8	9	6
KMXK0C00760	W0T7J3	KLMA_30070	4	10	1	2	3	1	7	11	4	8	4	8
KMXK0C00510	W0T8I3	KLMA_30048	17	18	16	14	8	9	18	20	15	22	23	17
KMXK0D03060	W0T9M6	KLMA_40283	11	7	4	2	4	4	6	8	3	14	10	6
KMXK0C02440	W0T906	KLMA_30243	2	8	13	3	3	1	4	5	6	10	3	9
KMXK0D03050	W0TC04	KLMA_40282	1	1	2	0	2	2	1	2	0	5	5	4
KMXK0A01980	W0T5C4	KLMA_10641	4	3	0	0	0	0	2	0	0	2	3	0
KMXK0B02820	W0T5M6	KLMA_20267	0	2	3	0	0	0	0	2	0	2	4	1
KMXK0E04900	W0TCI9	KLMA_50486	0	0	2	0	0	0	0	0	0	3	2	0
KMXK0F02290	W0THM5	KLMA_60343	2	0	0	0	0	0	0	0	0	0	3	2
KMXK0F05700	W0TCG2	KLMA_60011	3	2	0	2	0	0	0	0	0	0	0	0
KMXK0C04470	W0TCB1	KLMA_30449	1	3	0	0	1	0	2	2	5	0	0	1
KMXK0F01650	W0TF50	KLMA_60407	4	0	2	0	0	0	2	3	2	0	3	0
KMXK0G03990	W0TIQ0	KLMA_80395	14	18	14	6	10	6	11	15	15	14	19	12
KMXK0A03160	W0T5Q1	KLMA_10524	31	23	16	13	18	13	26	21	27	21	32	23
KMXK0F01330	W0TED0	KLMA_60429	6	5	4	1	0	2	7	6	2	2	4	4
KMXK0C01460	W0T7Q3	KLMA_30145	8	4	3	2	0	1	6	2	4	7	5	3
KMXK0F03950			15	13	12	5	6	8	16	18	8	12	15	10
KMXK0C00690	W0T7I8	KLMA_30065	12	12	6	6	6	4	9	14	16	11	15	8
KMXK0D02750	W0TA30	KLMA_40251	6	3	5	2	0	0	4	3	3	4	5	2
KMXK0B02700	W0T513	KLMA_20254	8	3	6	0	3	0	4	2	4	4	3	3
KMXK0B06100	W0T8A8	KLMA_20598	20	11	13	4	7	9	11	14	14	14	13	13
KMXK0G03740	W0TH20	KLMA_80369	16	17	13	8	7	7	15	14	16	19	13	7
KMXK0B01620	W0T4R4	KLMA_20149	3	1	1	0	0	1	0	0	2	4	3	3
KMXK0D04410	W0TCC2	KLMA_40417	7	9	10	3	3	3	7	10	8	8	10	5
KMXK0F01210	W0TF85	KLMA_60442	20	20	22	12	13	14	18	15	20	25	26	21
KMXK0G01930	W0THF4	KLMA_80182	1	3	2	0	0	0	3	3	0	0	0	2
KMXK0A03440	W0T7N8	KLMA_10497	3	2	2	0	0	0	2	3	0	0	4	2
KMXK0F00630	W0TDV4	KLMA_60501	8	6	2	3	0	0	5	6	2	4	4	4
KMXK0B07760	W0T714	KLMA_20762	10	9	0	0	0	5	4	0	8	7	5	6
KMXK0G01680	W0TGI5	KLMA_80159	15	15	7	2	9	4	10	14	8	8	11	10
KMXK0C06080	W0TA48	KLMA_30608	0	1	1	0	3	4	1	1	2	0	0	0
KMXK0D05940			5	2	0	0	2	0	0	0	0	0	4	0
KMXK0D03870	W0T9T9	KLMA_40363	0	0	1	0	1	0	0	0	0	1	4	1
KMXK0F02550	W0TEV0	KLMA_60317	37	41	34	25	26	28	30	40	28	41	47	34
KMXK0F03330	W0TD21	KLMA_60241	0	4	2	0	0	0	2	4	0	2	4	0
KMXK0A04850	W0T5B2	KLMA_10379	2	3	1	0	0	0	3	1	2	2	3	1
KMXK0G02080	W0TK22	KLMA_80198	4	4	6	1	3	0	5	2	7	3	1	1
KMXK0G02750	W0TGR7	KLMA_80264	6	5	6	2	1	1	5	5	1	3	9	4
KMXK0B04800	W0T5P0	KLMA_20469	0	3	4	3	2	3	2	0	1	4	6	6
KMXK0C02030	W0T9L5	KLMA_30201	5	3	7	0	0	3	2	6	2	6	4	4
KMXK0H03310	W0TGI1	KLMA_70330	3	2	2	0	0	0	2	2	1	2	1	2
KMXK0H01990	W0TGU8	KLMA_70198	3	2	0	0	0	0	0	4	1	3	2	2
KMXK0B03600	W0T6Z3	KLMA_20345	0	0	0	0	0	3	0	0	2	2	4	1
KMXK0H03260	W0TGH5	KLMA_70325	0	0	0	0	1	1	2	3	2	1	1	1
KMXK0C00170	W0T7E3	KLMA_30015	3	0	0	0	0	0	2	5	0	2	0	0
KMXK0D04080	W0TE85	KLMA_40385	12	8	4	5	1	2	5	2	4	6	7	5
KMXK0E00340	W0TAL2	KLMA_50028	3	5	2	5	3	4	4	6	4	9	9	9
KMXK0C03710	W0TA31	KLMA_30376	6	3	4	0	2	0	2	3	2	4	4	3
KMXK0A07760	W0T3S5	KLMA_10076	1	4	1	1	1	0	1	1	0	3	4	4
KMXK0D06000	W0TAZ8	KLMA_40571	14	14	9	8	5	12	10	6	14	9	2	4
KMXK0B01690	W0T938	KLMA_20156	9	22	9	14	13	12	16	25	25	11	17	13
KMXK0A02060	W0T4C3	KLMA_10633	6	8	12	5	2	2	4	6	4	4	4	4
KMXK0D01080	W0TDB2	KLMA_40090	2	1	1	0	0	0	1	1	5	4	0	1
KMXK0B00890	W0T552	KLMA_20077	2	2	6	0	0	1	0	3	0	1	2	0
KMXK0E03780	W0TBK8	KLMA_50373	1	3	4	0	1	2	5	2	6	2	0	1
KMXK0C02960	W0T850	KLMA_30300	3	1	2	0	0	0	1	1	1	2	4	0
KMXK0E01120	W0TAU5	KLMA_50103	1	0	2	0	0	0	2	1	3	2	3	1
KMXK0C04140	W0T7W4	KLMA_30417	2	2	1	0	0	0	0	1	0	2	2	1
KMXK0B03050	W0T6R3	KLMA_20290	1	5	0	0	0	0	1	3	2	1	1	3
KMXK0C07160	W0TD23	KLMA_30709	30	33	27	21	18	20	26	30	37	28	30	31
KMXK0B02470	W0T5I4	KLMA_20232	6	6	8	0	3	5	9	4	7	9	11	5
KMXK0C00470	W0TB87	KLMA_30044	2	1	4	0	0	0	0	2	2	1	0	2
KMXK0E02100	W0TBU2	KLMA_50206	0	1	3	2	2	3	0	0	0	1	1	1
KMXK0H04350	W0TGT3	KLMA_70435	9	15	8	4	3	5	6	6	9	8	9	8
KMXK0B02570	W0T5J7	KLMA_20242	24	17	30	15	16	19	26	16	25	33	27	26
KMXK0H03690	W0THC5	KLMA_70373	0	1	3	0	0	0	4	0	3	1	2	1
KMXK0G01100	W0TH80	KLMA_80102	4	0	2	0	0	0	0	1	0	2	1	0
KMXK0B07410	W0TAQ7	KLMA_20726	4	0	2	0	0	1	0	0	0	1	0	2
KMXK0B05230	W0T7E1	KLMA_20510	0	6	0	0	3	0	3	4	6	1	0	2
KMXK0B05900	W0T7K3	KLMA_20575	41	23	27	23	21	17	31	32	26	30	36	31
KMXK0A04190	W0T5E4	KLMA_10419	4	1	1	0	0	0	1	1	4	2	1	1
KMXK0D06060	W0TCR0	KLMA_40577	22	29	19	12	15	15	19	22	27	15	21	15
KMXK0A06580			29	23	23	16	14	12	19	19	25	20	19	19
KMXK0H00840	W0TIH4	KLMA_70086	5	9	7	3	3	3	4	5	10	3	3	2
KMXK0A04980	W0T321	KLMA_10365	5	7	4	2	0	2	6	5	2	4	7	5
KMXK0C02830	W0T836	KLMA_30285	0	0	2	0	1	0	1	2	3	0	0	0
KMXK0H04440	W0TGX0	KLMA_70445	0	0	2	0	0	1	0	0	0	1	3	2
KMXK0B07380	W0T8P0	KLMA_20723	2	2	2	0	0	0	0	0	2	1	0	0
KMXK0G01970	W0TFT2	KLMA_80186	16	14	14	5	10	7	12	14	9	15	18	11
KMXK0B07590	W0T821	KLMA_20745	10	3	4	2	0	2	7	4	3	4	5	5
KMXK0A08030	W0T4B9	KLMA_10049	20	19	18	10	17	10	27	16	21	14	13	15
KMXK0E04870	W0TBW3	KLMA_50483	18	14	13	10	8	12	11	18	10	21	20	17
KMXK0E00560	W0TF11	KLMA_50050	11	12	10	10	9	7	9	15	11	19	12	21
KMXK0A00540	W0T8K0	KLMA_10787	11	5	8	0	9	7	3	7	7	8	15	12
KMXK0B05060	W0T827	KLMA_20493	15	13	12	5	5	8	13	12	10	8	16	10
KMXK0A05990	W0T2S9	KLMA_10260	7	3	0	3	1	1	4	2	2	0	1	0
KMXK0E01490	W0TDC9	KLMA_50142	12	13	11	8	6	10	11	12	8	15	19	15
KMXK0A06780	W0T6V6	KLMA_10177	3	5	5	0	1	1	3	2	1	2	2	4
KMXK0H03560	W0TEY9	KLMA_70359	4	4	2	0	0	1	1	0	6	2	4	2
KMXK0G02030	W0TK18	KLMA_80193	5	3	7	3	2	3	8	7	5	5	10	9
KMXK0E05370	W0TDP6	KLMA_50534	3	4	4	1	2	3	4	5	3	6	10	5
KMXK0C05510	W0TCN1	KLMA_30554	24	19	19	13	11	9	18	19	12	17	18	16
KMXK0D05600	W0TA93	KLMA_40533	0	1	5	0	0	3	0	0	0	2	0	3
KMXK0C01060	W0TBD3	KLMA_30099	26	29	23	64	20	21	22	19	26	31	22	27
KMXK0B03010	W0T9H5	KLMA_20286	3	6	3	2	0	0	4	5	0	0	4	1
KMXK0F05610	W0TD95	KLMA_60019	10	2	0	0	0	2	4	2	3	3	0	2
KMXK0H02710	W0TIY9	KLMA_70271	3	3	3	0	1	0	2	0	0	2	2	0
KMXK0E06000	W0TDV2	KLMA_50604	0	3	2	0	1	2	5	6	2	3	3	5
KMXK0A04920	W0T4M0	KLMA_10371	6	3	4	0	2	3	4	4	3	1	0	2
KMXK0F05040	W0TCL5	KLMA_60071	2	2	2	0	0	0	0	1	4	2	2	0
KMXK0E05650	W0TDS6	KLMA_50569	18	12	11	7	9	3	9	11	13	11	13	12
KMXK0D04380	W0TEB4	KLMA_40415	3	1	3	3	0	0	1	0	0	4	5	0
KMXK0B01350	W0T6Y4	KLMA_20123	0	0	2	1	2	3	2	1	1	0	0	0
KMXK0H01350	W0TF52	KLMA_70137	1	0	1	0	0	0	1	1	2	3	3	0
KMXK0H04290	W0TF68	KLMA_70429	76	47	52	7	6	5	32	21	37	5	6	8
KMXK0F01580	W0TF55	KLMA_60412	131	180	86	74	86	70	169	173	197	69	69	92
KMXK0B04700	W0T5M8	KLMA_20459	122	92	90	23	24	24	71	72	97	95	91	64
KMXK0H02200	W0TEK0	KLMA_70219	135	151	160	45	56	64	118	117	117	138	137	113
KMXK0G03550	W0TKF9	KLMA_80348	166	147	144	72	67	66	142	141	139	129	117	112
KMXK0H04430	W0TFA8	KLMA_70444	61	61	67	18	14	16	56	31	53	26	25	24
KMXK0E02630	W0TFP1	KLMA_50260	26	40	38	8	10	5	32	17	34	7	6	4
KMXK0A01850	W0T3V0	KLMA_10655	31	32	44	10	9	13	49	39	37	6	11	15
KMXK0B00530	W0T518	KLMA_20042	61	43	34	59	28	31	34	40	63	9	11	12
KMXK0E03660	W0TC80	KLMA_50361	25	20	14	6	14	13	25	27	19	4	0	0
KMXK0D01720	W0T963	KLMA_40148	17	18	12	0	0	0	16	13	16	5	5	6
KMXK0C05990	W0TCS3	KLMA_30599	41	42	39	23	12	17	64	54	69	46	30	41
KMXK0D02270	W0TBM6	KLMA_40202	12	7	6	4	1	1	2	4	1	18	21	24
KMXK0C06300	W0TAV6	KLMA_30631	65	56	49	22	19	12	37	44	51	51	57	51
KMXK0C01510	W0TBI1	KLMA_30149	110	114	106	59	40	52	88	81	117	78	83	85
KMXK0A06050	W0T3B0	KLMA_10253	78	57	51	21	24	17	43	41	48	54	56	40
KMXK0C01370	W0T9G3	KLMA_30136	6	12	20	14	20	14	5	13	5	33	42	30
KMXK0F03890	W0TF87	KLMA_60180	6	4	6	0	4	3	8	7	6	22	23	18
KMXK0C04000	W0T9G9	KLMA_30403	36	39	30	21	11	12	36	43	62	23	21	26
KMXK0G01390	W0TI04	KLMA_80130	33	28	22	8	3	4	17	22	23	23	25	27
KMXK0E00410	W0TEZ7	KLMA_50035	62	46	42	19	16	11	36	37	38	41	36	33
KMXK0B03200	W0T6S6	KLMA_20305	53	54	35	18	16	20	37	35	47	43	47	52
KMXK0A06760	W0T4T5	KLMA_10179	13	16	10	5	4	2	8	12	8	23	24	22
KMXK0E04070	W0TE03	KLMA_50402	46	53	56	22	18	18	35	30	31	42	41	38
KMXK0E04730	W0TCH5	KLMA_50471	24	24	24	5	2	8	23	18	24	26	26	10
KMXK0H04420	W0THL5	KLMA_70443	64	62	44	47	38	38	52	30	54	23	21	27
KMXK0F00380	W0TER0	KLMA_60529	67	83	57	49	49	60	66	77	56	93	103	94
KMXK0G00480	W0TJN4	KLMA_80038	10	9	7	4	3	4	6	15	7	32	14	15
KMXK0G03730	W0THY0	KLMA_80367	70	60	60	106	105	107	71	65	76	86	109	78
KMXK0H01680	W0TG25	KLMA_70170	8	7	6	0	0	0	0	4	0	8	8	3
KMXK0F05120	W0TDD0	KLMA_60064	12	6	6	0	0	0	0	3	3	7	6	5
KMXK0E00470	W0TB85	KLMA_50041	29	23	26	12	9	13	14	17	18	33	33	32
KMXK0D00300	W0T9F4	KLMA_40016	40	20	21	12	7	7	24	27	25	29	29	20
KMXK0B04960	W0T818	KLMA_20483	17	11	10	2	1	0	11	4	11	7	4	5
KMXK0B02910	W0T9G2	KLMA_20276	17	11	13	3	4	3	13	15	10	20	19	17
KMXK0D05310	W0TAU2	KLMA_40506	24	22	10	3	3	5	18	17	11	11	18	8
KMXK0C00260	W0TB73	KLMA_30024	9	10	6	2	0	0	5	4	5	14	10	8
KMXK0A04730	W0T5C0	KLMA_10389	11	17	10	4	0	5	14	15	12	3	5	5
KMXK0H03480	W0TJ61	KLMA_70351	22	14	22	7	6	5	15	17	13	30	20	19
KMXK0A00300	W0T4W1	KLMA_10813	78	76	63	44	44	42	63	64	63	82	74	74
KMXK0G01990	W0TK14	KLMA_80188	3	1	3	1	0	0	7	7	9	2	1	0
KMXK0A03800	W0T7K4	KLMA_10457	107	96	97	70	56	76	118	105	103	86	106	84
KMXK0C07290	W0T8R1	KLMA_30722	35	28	30	14	12	20	22	27	22	10	15	11
KMXK0A07560	W0T6J7	KLMA_10097	24	29	20	12	9	10	23	32	30	33	25	23
KMXK0C06530	W0TCX6	KLMA_30654	36	27	27	16	15	16	44	31	22	18	14	15
KMXK0H02960	W0TJ10	KLMA_70296	7	8	4	0	0	0	2	4	4	6	7	6
KMXK0D05580	W0TAW5	KLMA_40531	9	13	12	1	1	1	11	3	6	5	10	3
KMXK0G01720	W0TJY9	KLMA_80163	68	72	60	33	41	38	39	47	37	55	55	42
KMXK0C00810	W0T7J6	KLMA_30075	22	18	12	6	8	6	24	18	22	22	23	18
KMXK0A01880			31	35	24	16	16	13	36	40	29	30	38	31
KMXK0H00770	W0TFV2	KLMA_70080	9	8	1	0	0	1	4	5	2	7	8	10
KMXK0D00630	W0TD80	KLMA_40050	5	1	6	0	0	0	4	4	5	0	0	1
KMXK0B02720	W0T9E2	KLMA_20256	94	94	87	63	74	77	105	81	91	59	70	52
KMXK0D01320	W0TDD4	KLMA_40110	31	42	41	29	27	29	38	35	36	55	58	53
KMXK0G03210	W0THS3	KLMA_80312	54	46	45	24	20	26	35	34	38	40	41	38
KMXK0B06870	W0T6S7	KLMA_20672	0	0	0	0	1	0	1	1	0	4	7	3
KMXK0B02730	W0T7C2	KLMA_20258	6	5	5	0	0	0	6	4	4	5	7	5
KMXK0C01890	W0T794	KLMA_30187	16	14	11	2	3	3	4	8	9	12	13	8
KMXK0A06250	W0T4Y9	KLMA_10234	5	6	10	7	8	8	2	2	4	0	1	1
KMXK0D01210	W0TAQ8	KLMA_40099	16	33	13	21	34	34	27	27	17	40	48	37
KMXK0G02810	W0TIB8	KLMA_80270	12	6	10	2	3	3	3	3	3	9	13	9
KMXK0B04280	W0T7V7	KLMA_20413	12	14	11	4	1	2	5	6	10	7	2	6
KMXK0H02260	W0TG71	KLMA_70225	5	4	5	0	1	0	5	4	13	4	4	5
KMXK0B00860	W0T4J6	KLMA_20074	15	20	9	24	30	30	14	18	7	29	29	14
KMXK0C06930	W0T8N1	KLMA_30687	77	73	73	47	43	48	73	68	65	79	59	70
KMXK0B03030	W0T7F7	KLMA_20288	34	30	27	14	10	13	21	18	28	26	21	16
KMXK0F00350	W0TFK8	KLMA_60532	53	55	42	24	31	29	43	47	33	49	50	48
KMXK0C02130	W0T9M1	KLMA_30211	8	18	5	6	2	2	14	11	7	3	5	2
KMXK0B02740	W0T517	KLMA_20259	18	23	20	10	6	6	16	15	17	21	15	23
KMXK0F05580	W0TE36	KLMA_60022	3	6	0	5	5	4	6	9	2	12	18	8
KMXK0E05410			0	0	0	6	5	3	1	1	1	0	3	0
KMXK0E01310	W0TAW7	KLMA_50123	8	4	8	6	3	4	4	7	8	16	15	14
KMXK0E05330	W0TDP1	KLMA_50529	57	33	35	23	27	26	34	39	32	51	45	45
KMXK0B05040	W0TA28	KLMA_20491	25	24	15	5	10	8	17	20	17	16	14	18
KMXK0D03600	W0T9R9	KLMA_40338	14	11	12	5	3	2	13	7	14	13	14	9
KMXK0E02340	W0TBW1	KLMA_50231	31	20	11	12	9	9	12	9	9	20	18	19
KMXK0G02330	W0TI79	KLMA_80225	6	4	3	0	0	1	5	6	5	1	3	1
KMXK0A06440	W0T4X0	KLMA_10214	4	6	7	1	0	0	1	2	3	2	4	6
KMXK0D03320	W0TAC1	KLMA_40311	0	3	1	0	0	0	2	2	0	5	6	2
KMXK0G01870	W0THF0	KLMA_80177	17	14	13	8	3	5	13	17	13	13	19	13
KMXK0D05930	W0TEP8	KLMA_40565	0	4	3	3	5	3	4	7	1	12	10	8
KMXK0H01220	W0TGP2	KLMA_70123	27	27	31	20	13	13	28	29	27	30	34	27
KMXK0F03310	W0THE4	KLMA_60243	0	0	0	5	7	1	2	4	0	2	0	4
KMXK0G03230	W0TGW2	KLMA_80314	2	5	1	0	0	0	0	2	0	2	5	3
KMXK0C02840	W0T9T6	KLMA_30286	6	4	7	2	0	0	4	3	4	3	0	1
KMXK0C01500	W0T8S2	KLMA_30148	26	31	18	14	11	11	22	22	23	20	23	22
KMXK0F00900	W0TFB2	KLMA_60472	13	9	5	1	3	3	7	7	7	9	10	8
KMXK0B04290	W0T5I6	KLMA_20414	20	15	15	6	7	7	12	12	15	13	7	8
KMXK0H04100	W0TFW8	KLMA_70412	15	6	9	5	2	2	7	7	10	7	15	8
KMXK0H00100	W0TIA9	KLMA_70011	4	5	5	5	5	5	5	6	4	1	1	0
KMXK0B02080	W0T4V3	KLMA_20194	0	3	4	3	0	3	2	0	8	0	0	0
KMXK0H03040	W0TES5	KLMA_70304	9	7	6	0	2	2	5	7	3	4	8	4
KMXK0C00270	W0T7F3	KLMA_30025	14	12	11	8	7	6	16	12	14	12	24	16
KMXK0E06060	W0TGM4	KLMA_50610	18	12	13	6	11	4	12	15	9	14	19	18
KMXK0H01260	W0TF43	KLMA_70127	11	18	12	4	6	5	9	10	9	11	8	6
KMXK0E03700	W0TFY8	KLMA_50365	17	16	15	8	6	6	10	12	9	16	10	12
KMXK0A01300	W0T427	KLMA_10710	13	11	5	3	4	7	14	12	7	9	17	11
KMXK0G03710	W0TIL9	KLMA_80365	37	39	33	21	28	19	24	31	31	39	37	28
KMXK0A03560	W0T3X2	KLMA_10483	19	13	12	7	6	5	12	9	12	13	12	10
KMXK0B01260	W0T4N6	KLMA_20114	5	1	2	0	0	0	0	3	1	1	2	1
KMXK0A06750	W0T2L5	KLMA_10180	53	46	41	37	28	28	41	42	40	40	47	46
KMXK0D01380	W0TDD9	KLMA_40115	28	24	31	22	24	26	30	32	28	15	18	20
KMXK0B01680	W0T6B9	KLMA_20155	30	16	22	18	12	20	22	13	13	9	15	11
KMXK0A00120	W0T4X9	KLMA_10833	7	4	0	9	3	6	5	5	4	0	4	0
KMXK0C03640	W0T8A9	KLMA_30370	14	23	20	11	20	12	19	21	18	11	12	10
KMXK0A05260	W0T3I9	KLMA_10338	2	4	1	1	1	1	4	6	2	5	6	3
KMXK0B05430	W0T855	KLMA_20528	21	22	18	27	29	24	27	21	23	31	38	28
KMXK0C06570	W0TA95	KLMA_30658	8	3	7	6	3	0	2	5	3	7	10	6
KMXK0F01250	W0THX4	KLMA_60438	33	37	20	19	22	20	30	33	30	18	24	30
KMXK0F04380	W0TF44	KLMA_60130	2	2	2	4	4	4	4	7	2	3	0	0
KMXK0B05700	W0T7I4	KLMA_20555	14	8	6	3	4	3	6	6	7	4	10	5
KMXK0C04860	W0TCE7	KLMA_30489	7	8	3	2	3	1	6	2	1	4	8	5
KMXK0E05720	W0TCS8	KLMA_50576	2	1	2	0	0	0	0	0	1	3	0	1
KMXK0D00430	W0TAI8	KLMA_40029	1	1	2	1	0	0	0	0	0	1	2	2
KMXK0H00900	W0TGL9	KLMA_70093	0	1	0	0	0	0	1	2	1	1	3	1
KMXK0C07080	W0T9B4	KLMA_30700	5	4	2	1	1	0	3	4	2	1	2	1
KMXK0G00610	W0TFF9	KLMA_80051	1	1	0	3	5	3	1	2	0	3	0	1
KMXK0B04210	W0T647	KLMA_20407	12	8	4	6	5	4	2	6	5	4	0	4
KMXK0F00490	W0TDW4	KLMA_60516	12	15	10	7	7	11	14	12	8	18	17	15
KMXK0E04110	W0TE07	KLMA_50407	2	3	5	1	0	1	1	2	3	0	2	0
KMXK0G02420	W0TGP7	KLMA_80234	3	2	1	0	0	0	0	2	0	0	2	0
KMXK0G00380	W0TG70	KLMA_80029	8	9	8	5	3	2	9	9	6	8	8	8
KMXK0D04830	W0TEF7	KLMA_40460	6	3	3	2	0	0	4	2	2	3	5	2
KMXK0F01420	W0TEC5	KLMA_60424	12	11	9	4	5	6	7	10	5	9	12	11
KMXK0B06340	W0T7P7	KLMA_20620	5	2	3	0	0	1	3	1	2	0	2	3
KMXK0A01250	W0T431	KLMA_10715	8	6	6	2	6	5	7	6	7	1	3	3
KMXK0B01660	W0T718	KLMA_20153	1	1	0	0	0	0	0	2	1	2	3	1
KMXK0F05300	W0TE59	KLMA_60047	2	1	0	0	0	0	1	1	0	2	2	2
KMXK0D00900	W0T9K6	KLMA_40076	1	2	3	0	0	0	0	2	1	0	2	0
KMXK0H02030	W0TFA3	KLMA_70202	2	3	1	0	0	0	1	1	1	0	2	0
KMXK0A00130	W0T8P2	KLMA_10832	1	0	1	3	0	0	3	2	1	0	0	0
KMXK0D00390	W0TD60	KLMA_40025	2	2	2	0	0	0	2	0	1	1	1	0
KMXK0B08390	W0T6N4	KLMA_20824	1	4	0	0	0	2	2	6	4	2	2	1
KMXK0G02170	W0THH3	KLMA_80207	0	2	3	0	0	0	2	0	0	0	4	1
KMXK0E03750	W0TFZ2	KLMA_50370	1	1	1	2	2	2	2	3	1	6	4	4
KMXK0F03470	W0TEM2	KLMA_60227	2	2	1	0	0	2	2	0	1	2	5	4
KMXK0E01670	W0TDE7	KLMA_50162	8	8	8	2	2	5	5	8	5	5	12	6
KMXK0B05010	W0T822	KLMA_20488	3	2	1	0	0	0	0	2	2	0	3	0
KMXK0A04080	W0T3S2	KLMA_10428	0	0	0	1	1	1	3	1	0	3	1	2
KMXK0F05030	W0TE84	KLMA_60072	2	2	2	0	0	0	1	3	0	1	1	1
KMXK0E00990	W0TF53	KLMA_50090	0	1	2	0	0	0	0	4	0	1	3	2
KMXK0C00310	W0TB78	KLMA_30029	6	5	4	3	0	2	4	6	8	4	4	6
KMXK0G03770	W0TKI2	KLMA_80373	8	2	3	1	1	1	2	2	1	3	4	3
KMXK0C01990	W0T7A1	KLMA_30197	3	2	4	1	1	1	1	3	2	3	6	5
KMXK0E01980	W0TB58	KLMA_50193	5	3	4	1	2	2	6	4	5	9	5	4
KMXK0D01690	W0TDH1	KLMA_40145	0	4	2	0	2	1	2	4	3	4	6	4
KMXK0B05640	W0T5W7	KLMA_20549	2	3	2	2	2	2	3	5	0	5	7	6
KMXK0H00940	W0TF15	KLMA_70097	0	3	2	0	0	2	2	4	1	2	6	4
KMXK0E00420	W0TB79	KLMA_50036	2	4	0	2	0	0	3	3	2	1	0	0
KMXK0H03670	W0TJ83	KLMA_70371	11	5	5	3	4	2	6	4	6	2	3	3
KMXK0H03870	W0TJA6	KLMA_70391	1	5	0	0	0	0	2	1	0	2	1	0
KMXK0A01700	W0T3Y8	KLMA_10670	34	30	26	24	21	18	33	26	29	28	41	28
KMXK0H01370	W0TEC0	KLMA_70139	0	1	3	2	4	2	0	2	0	3	4	4
KMXK0A02330	W0T593	KLMA_10606	3	2	2	1	0	0	1	2	2	0	0	1
KMXK0D06470	A0A1L7LMG8	KLMA_40632	0	1	0	0	0	1	2	1	2	0	0	0
KMXK0F02020	W0TFR0	KLMA_60370	1	0	0	0	0	0	0	0	1	0	2	3
KMXK0C04270	W0T8H6	KLMA_30430	3	2	0	1	0	0	0	0	1	0	0	0
KMXK0B05670	W0T6H6	KLMA_20552	0	1	0	1	0	0	1	2	2	0	0	0
KMXK0B02770	W0T5M1	KLMA_20262	8	0	4	1	0	6	10	7	4	5	5	0
KMXK0G03420	W0TGY4	KLMA_80334	13	7	5	5	4	3	6	6	9	5	1	5
KMXK0A01600	W0T401	KLMA_10680	12	7	10	4	5	5	8	11	11	10	13	7
KMXK0F02660	W0TEU1	KLMA_60307	2	3	0	0	0	0	1	0	2	0	1	0
KMXK0A00910	W0T4Q4	KLMA_10748	3	1	1	0	0	0	0	1	0	1	2	0
KMXK0A06600	W0T472	KLMA_10196	3	0	0	0	0	0	0	0	5	0	0	1
KMXK0H00440	W0TID5	KLMA_70046	14	5	7	6	4	4	0	7	6	8	11	7
KMXK0A04200	W0T3R1	KLMA_10418	3	3	2	0	2	0	1	2	5	5	4	3
KMXK0A02840	W0T544	KLMA_10556	1	1	1	1	0	0	2	2	0	1	6	2
KMXK0C00320	W0T7F8	KLMA_30030	5	3	4	1	2	3	5	4	3	4	9	7
KMXK0F02450	W0TEW3	KLMA_60327	14	2	5	6	4	5	10	7	10	3	5	3
KMXK0B00990	W0T561	KLMA_20087	4	0	3	0	0	2	0	0	2	0	5	4
KMXK0C04760	W0T9P5	KLMA_30478	14	15	13	7	7	8	9	14	10	14	14	13
KMXK0D01140	W0TAQ3	KLMA_40094	24	31	20	14	17	15	25	24	18	21	27	21
KMXK0H01290	W0TFZ4	KLMA_70130	3	1	3	1	0	0	2	1	0	1	5	2
KMXK0E01360	W0TAX3	KLMA_50128	1	3	3	0	1	0	1	1	1	3	3	2
KMXK0E00850	W0TBC0	KLMA_50076	8	10	8	5	5	5	4	8	6	10	11	11
KMXK0C04210	W0TC82	KLMA_30424	2	4	3	11	4	5	7	4	4	4	12	8
KMXK0D06340	W0TAF8	KLMA_40603	2	0	2	3	2	6	1	1	0	1	4	2
KMXK0B01180	W0T8Z6	KLMA_20106	18	20	17	12	8	12	16	18	16	16	22	16
KMXK0A03080	W0T421	KLMA_10533	1	0	0	0	2	0	0	0	0	5	0	0
KMXK0B08150	W0T761	KLMA_20802	0	0	1	0	0	0	0	2	0	1	3	1
KMXK0D01550	W0T9Q3	KLMA_40131	1	0	1	0	0	0	0	0	1	1	3	1
KMXK0A00790	W0T5R7	KLMA_10761	3	1	1	0	0	0	0	0	1	0	2	0
KMXK0D04960	W0TA43	KLMA_40473	0	1	0	0	0	0	0	2	0	1	4	0
KMXK0A01350	W0T423	KLMA_10705	1	0	1	1	0	0	1	1	5	1	0	0
KMXK0A06660	W0T4U6	KLMA_10189	4	6	2	3	5	1	5	7	9	4	0	4
KMXK0F01670	W0TFV0	KLMA_60405	7	7	7	3	4	1	5	5	1	7	5	6
KMXK0A04720	W0T342	KLMA_10390	2	3	0	0	0	0	0	4	0	2	0	0
KMXK0E00840	W0TF37	KLMA_50075	1	3	1	0	0	0	0	2	0	0	2	2
KMXK0A07800	W0T6G9	KLMA_10072	3	10	4	2	3	2	6	4	7	4	3	1
KMXK0C04720	W0TCD5	KLMA_30474	3	3	2	1	0	0	4	4	0	0	4	1
KMXK0B01220	W0T677	KLMA_20110	8	1	2	0	1	1	2	2	2	0	4	5
KMXK0B00380	W0T8R7	KLMA_20026	6	9	10	7	4	6	8	9	8	3	4	4
KMXK0G04050	W0TGE1	KLMA_80401	7	11	11	5	7	3	8	10	7	14	12	7
KMXK0D01480	W0TAT4	KLMA_40124	11	7	5	3	5	3	5	3	1	4	4	6
KMXK0D02100	W0TBK7	KLMA_40182	2	3	3	7	8	7	6	11	2	5	6	7
KMXK0H01050			6	3	4	3	2	2	2	5	5	7	10	4
KMXK0H02770	W0TH29	KLMA_70278	6	7	6	2	3	2	5	5	7	7	5	7
KMXK0E02960	W0TC11	KLMA_50291	4	3	2	1	0	1	2	1	8	3	4	1
KMXK0H03620	W0TJ78	KLMA_70366	0	2	1	0	0	0	2	2	0	1	3	1
KMXK0H01980	W0TFA0	KLMA_70197	0	1	2	0	0	0	1	1	3	1	1	2
KMXK0H03190	W0TH70	KLMA_70318	1	2	0	0	0	0	1	2	1	0	5	0
KMXK0B02750	W0T6N3	KLMA_20260	0	2	2	0	0	0	2	2	1	1	1	1
KMXK0C00720			15	13	12	7	7	7	14	11	13	10	10	10
KMXK0D02230	W0T9B9	KLMA_40198	15	21	18	16	14	12	25	20	19	21	27	20
KMXK0F02830	W0TD63	KLMA_60291	7	7	3	2	0	3	3	4	3	4	6	3
KMXK0G03600	W0TH06	KLMA_80354	3	3	1	0	1	0	2	3	3	2	3	2
KMXK0E03010	W0TC15	KLMA_50296	11	13	6	10	6	5	13	13	15	10	13	13
KMXK0A03340	W0T7P8	KLMA_10507	3	5	3	0	4	1	4	6	6	4	5	6
KMXK0B00870	W0T649	KLMA_20075	3	2	1	2	0	0	2	3	3	4	3	4
KMXK0D04620	W0TED8	KLMA_40440	1	5	2	2	0	0	4	5	2	2	2	2
KMXK0F00890	W0TI09	KLMA_60473	5	3	2	2	0	2	0	2	0	1	4	3
KMXK0A07130	W0T3Z0	KLMA_10141	3	4	1	0	0	2	5	3	3	3	3	2
KMXK0H02190	W0TGW5	KLMA_70218	11	14	6	5	4	5	10	7	10	10	8	7
KMXK0B08180	W0T877	KLMA_20805	0	0	1	2	0	0	3	2	2	3	1	2
KMXK0A06410	W0T6Y5	KLMA_10217	2	2	2	2	0	0	3	2	0	3	5	3
KMXK0A03540	W0T4X6	KLMA_10486	5	4	8	2	7	5	5	14	3	2	4	2
KMXK0D05660	W0TC06	KLMA_40539	5	4	5	0	2	2	4	5	3	5	5	3
KMXK0A00690			26	32	16	12	23	22	25	33	21	27	29	32
KMXK0F03390			0	2	0	0	0	0	0	1	1	0	5	0
KMXK0B00180	W0T4E2	KLMA_20009	9	10	11	4	6	13	8	4	5	3	5	6
KMXK0D00470	W0TB63	KLMA_40032	1	1	0	0	0	0	0	2	0	0	2	3
KMXK0G03290	W0TIH0	KLMA_80320	3	0	2	0	0	0	0	2	0	0	2	0
KMXK0H01710	W0TGS5	KLMA_70173	0	0	2	2	3	4	2	0	2	3	4	2
KMXK0D03670	W0T9S4	KLMA_40343	8	4	5	0	3	3	4	7	2	3	8	6
KMXK0F04530	W0T735	KLMA_20168 KLMA_60119	9	12	4	3	3	4	5	7	3	7	6	3
KMXK0A07930	W0T4D1	KLMA_10059	5	4	2	0	6	0	0	5	1	0	2	0
KMXK0B06760	W0TAI7	KLMA_20661	7	6	13	5	7	6	8	6	6	13	13	9
KMXK0F00530	W0TDW0	KLMA_60511	1	2	2	5	3	7	2	5	0	3	2	1
KMXK0H01480	W0TG09	KLMA_70150	4	3	5	3	2	2	6	5	6	5	8	6
KMXK0B03790	W0T5E5	KLMA_20364	7	8	5	4	3	2	9	8	3	6	7	9
KMXK0A06130	W0T2R7	KLMA_10245	4	6	7	5	4	2	5	4	6	10	7	9
KMXK0D06030	W0TC44	KLMA_40574	15	14	13	18	15	12	21	12	23	14	9	9
KMXK0A03360	W0T3E2	KLMA_10505	5	3	5	0	1	2	0	2	6	3	0	5
KMXK0E03400	W0TC55	KLMA_50336	5	3	3	1	1	1	1	4	3	4	4	4
KMXK0H00260	W0TEV2	KLMA_70027	6	7	11	6	11	11	7	8	2	10	14	11
KMXK0G01950	W0TGK6	KLMA_80184	5	0	3	0	1	0	1	2	3	0	2	2
KMXK0B00960	W0T4K6	KLMA_20084	6	7	9	2	4	4	4	6	4	8	9	5
KMXK0F05340	W0TDB4	KLMA_60044	0	0	4	0	2	0	0	4	0	3	4	3
KMXK0A02820	W0T444	KLMA_10558	12	11	12	10	8	12	13	13	13	15	19	18
KMXK0B00570	W0T8T6	KLMA_20046	14	16	14	9	6	15	9	14	18	20	22	11
KMXK0F03600	W0TEL0	KLMA_60212	3	3	6	4	1	2	1	2	2	10	3	2
KMXK0E00690	W0TD24	KLMA_50062	1	2	0	1	1	2	3	3	2	0	0	1
KMXK0A01340	W0T5L5	KLMA_10706	4	5	6	3	0	3	3	4	3	6	5	6
KMXK0F04510	W0TCQ9	KLMA_60121	0	4	4	0	2	0	0	5	0	2	4	4
KMXK0E00960	W0TD45	KLMA_50087	1	6	3	0	0	2	3	2	0	3	4	1
KMXK0A07940	W0T2N8	KLMA_10058	0	2	0	2	5	1	4	3	3	5	0	0
KMXK0G04030	W0TH53	KLMA_80399	2	3	2	2	0	0	0	2	1	2	4	3
KMXK0D02470	W0TB21	KLMA_40224	2	4	0	0	0	1	2	2	4	3	1	1
KMXK0F03720	W0THA2	KLMA_60198	3	4	1	0	1	0	4	2	0	1	2	2
KMXK0D02060	W0T997	KLMA_40178	12	12	5	4	13	13	6	12	1	6	4	6
KMXK0H02810	W0TH34	KLMA_70283	6	6	2	2	2	0	2	4	4	6	4	2
KMXK0E01890			16	10	8	6	7	14	6	8	5	8	15	13
KMXK0F00590	W0TG88	KLMA_60505	14	11	9	7	7	5	13	11	12	9	8	10
KMXK0B07970	W0T858	KLMA_20785	6	6	2	2	2	0	4	4	2	3	2	2
KMXK0D05080	W0TEH9	KLMA_40485	2	0	3	0	1	1	1	3	0	2	5	3
KMXK0E04990	W0TGA0	KLMA_50495	6	6	2	1	4	0	3	4	2	0	3	2
KMXK0B06270	W0T8C2	KLMA_20613	4	5	4	3	2	1	5	6	1	6	7	5
KMXK0E04100	W0TCC1	KLMA_50406	18	11	11	10	15	13	5	10	7	14	8	13
KMXK0B07620	W0T6F5	KLMA_20749	10	7	3	4	2	4	5	5	9	12	8	4
KMXK0A07630	W0T2B8	KLMA_10090	5	7	7	5	2	1	2	4	3	5	7	3
KMXK0D06100	W0TB05	KLMA_40581	18	23	15	14	18	12	21	24	17	9	17	14
KMXK0E01500	W0TB23	KLMA_50143	8	6	5	0	4	5	4	6	5	7	7	8
KMXK0G01640	W0TI26	KLMA_80155	18	21	14	11	7	15	17	21	14	18	20	13
KMXK0B03500	W0T6Y3	KLMA_20335	8	7	6	5	4	4	3	5	3	8	9	6
KMXK0D03340	W0T9P7	KLMA_40313	2	1	1	1	0	0	2	2	2	1	0	0
KMXK0B07910	W0T8U2	KLMA_20778	16	15	11	11	14	11	10	19	14	16	24	19
KMXK0G01920	W0TFS8	KLMA_80181	24	23	23	17	12	15	16	20	25	23	20	14
KMXK0G04120	W0TKL8	KLMA_80408	15	19	15	15	10	7	16	14	16	14	10	8
KMXK0F00190	W0TES3	KLMA_60549	15	16	14	12	8	10	17	13	19	11	12	11
KMXK0E02670	W0TD12	KLMA_50264	23	19	20	15	15	13	19	22	21	24	21	22
KMXK0E05400	W0TEE8	KLMA_50537	18	15	18	13	17	16	14	15	9	23	22	17
KMXK0F00220	W0TDY4	KLMA_60546	1	0	6	2	2	2	3	4	1	5	5	6
KMXK0B05080	W0T7C8	KLMA_20495	6	8	2	2	1	2	2	1	7	2	4	4
KMXK0F05520	W0TGU7	KLMA_60028	3	4	2	3	3	1	4	5	3	1	1	1
KMXK0G01590	W0TI21	KLMA_80150	6	8	10	3	6	4	8	5	3	14	8	4
KMXK0C05220	W0TCK9	KLMA_30529	7	9	7	14	14	14	12	14	9	8	12	10
KMXK0F00270	W0TGC2	KLMA_60540	17	26	23	17	19	19	21	24	19	29	22	32
KMXK0B08080	W0T867	KLMA_20795	4	4	6	1	1	2	3	3	3	4	4	2
KMXK0F02110	W0TDC5	KLMA_60361	0	3	0	0	0	1	3	4	0	1	0	1
KMXK0E02440	W0TBW9	KLMA_50241	6	7	2	3	3	1	2	5	2	3	0	2
KMXK0A03420	W0T5M4	KLMA_10499	11	10	7	6	5	5	6	12	8	10	13	9
KMXK0G00560	W0TFF5	KLMA_80046	1	0	2	1	0	0	1	0	0	2	2	2
KMXK0D03230	W0TC23	KLMA_40302	1	0	0	1	0	0	0	0	3	3	3	0
KMXK0A01590	W0T5I8	KLMA_10681	26	13	18	11	12	13	17	18	20	13	19	15
KMXK0G00960	W0TH66	KLMA_80087	8	12	8	5	7	2	6	6	6	4	6	6
KMXK0D01450	W0TBE8	KLMA_40122	23	27	22	15	16	16	24	20	15	21	21	23
KMXK0A06690	W0T462	KLMA_10186	11	6	6	6	9	10	9	4	4	4	4	4
KMXK0B00980	W0T8X3	KLMA_20086	8	4	4	3	0	4	5	4	4	7	5	6
KMXK0B01200	W0T6X0	KLMA_20108	4	0	4	0	3	0	2	1	2	4	4	3
KMXK0B03150	W0T6S3	KLMA_20300	5	4	2	1	0	2	3	3	2	2	5	3
KMXK0E01250	W0TD69	KLMA_50117	10	7	9	3	4	5	7	8	5	7	8	7
KMXK0C02250	W0T7Y2	KLMA_30225	20	19	19	12	13	12	14	23	16	18	16	21
KMXK0B01670			0	3	5	6	5	3	4	7	1	6	9	5
KMXK0F00920	W0TG23	KLMA_60470	3	4	2	1	2	2	3	3	2	5	5	5
KMXK0F05380	W0TCI8	KLMA_60041	1	3	1	2	2	1	1	0	2	5	2	4
KMXK0E04840	W0TG83	KLMA_50480	12	13	11	14	8	7	6	10	3	10	8	8
KMXK0F04410	W0TJU9	KLMA_80118	15	18	15	8	13	9	13	14	14	17	16	15
KMXK0A00740	W0T470	KLMA_10765	17	14	17	8	13	8	15	14	16	14	14	14
KMXK0H04220	W0TFY0	KLMA_70422	8	9	7	7	8	0	4	9	5	6	12	11
KMXK0C03310	W0T7M9	KLMA_30337	4	5	2	3	2	2	5	7	5	5	7	4
KMXK0B07340	W0T6W7	KLMA_20717	15	17	10	6	9	9	10	10	12	17	11	9
KMXK0E02260	W0TDK5	KLMA_50222	2	2	4	0	2	1	0	4	0	4	4	2
KMXK0F02890	W0TD58	KLMA_60286	4	0	3	0	0	1	0	2	1	0	2	1
KMXK0D02320	W0T9C9	KLMA_40208	3	1	1	2	3	3	5	6	3	3	4	5
KMXK0C07120	W0TD18	KLMA_30704	1	3	2	1	3	0	4	3	2	2	0	0
KMXK0D01180	W0TBC1	KLMA_40097	12	6	6	5	2	4	5	6	6	7	10	3
KMXK0F03940	W0TF84	KLMA_60175	5	3	3	2	1	0	5	3	1	1	4	2
KMXK0D02200	W0T9B2	KLMA_40193	2	3	2	1	0	0	1	2	2	1	1	2
KMXK0C04360	W0TCA0	KLMA_30439	6	3	9	6	5	3	8	4	10	13	8	7
KMXK0D05830	W0TAY6	KLMA_40556	5	5	4	3	2	3	4	6	7	3	2	3
KMXK0F05230	W0TDC2	KLMA_60054	7	3	3	3	3	3	3	7	4	7	11	3
KMXK0A00820	W0T5R2	KLMA_10756	2	3	4	1	5	2	3	3	4	4	7	7
KMXK0C06590	W0T976	KLMA_30660	2	4	1	1	3	1	4	5	3	1	2	1
KMXK0E03140	W0TD43	KLMA_50309	1	0	0	0	1	0	0	1	0	4	1	0
KMXK0F04090	W0TDN0	KLMA_60159	4	9	4	6	9	12	11	14	7	5	8	10
KMXK0C03520	W0T9C0	KLMA_30358	6	3	2	1	1	1	3	3	1	2	3	3
KMXK0B01860	W0T740	KLMA_20173	4	2	2	1	1	1	2	1	8	1	2	4
KMXK0H02490	W0TEM5	KLMA_70249	8	7	6	3	5	7	5	6	9	3	3	4
KMXK0A07330	W0T3X1	KLMA_10121	0	2	3	0	1	0	0	1	0	2	1	1
KMXK0A01080	W0T8F0	KLMA_10732	2	1	1	0	1	0	0	1	0	3	1	1
KMXK0D06330	W0TCT7	KLMA_40602	9	11	7	8	5	2	7	10	8	8	11	9
KMXK0C04670	W0TCC8	KLMA_30469	7	7	8	4	4	3	4	5	4	4	4	4
KMXK0H00160	W0TEU3	KLMA_70017	30	17	17	14	13	15	20	17	20	19	18	15
KMXK0D04940	W0TAQ9	KLMA_40471	16	17	8	10	6	8	14	9	10	9	10	10
KMXK0B06180	W0T616	KLMA_20604	0	4	0	2	4	3	3	6	3	3	0	3
KMXK0C00460			4	4	4	0	6	0	3	4	1	8	5	2
KMXK0F03440	W0TFC4	KLMA_60230	4	3	6	4	1	0	2	2	2	5	3	2
KMXK0F02430	W0TE19	KLMA_60329	6	4	1	2	1	1	1	3	2	1	2	1
KMXK0H03100	W0TGF9	KLMA_70310	11	7	8	7	5	9	4	5	5	7	13	6
KMXK0E03570	W0TDW5	KLMA_50352	2	3	1	0	3	0	4	3	3	2	4	3
KMXK0H01840	W0TEG5	KLMA_70184	0	1	0	3	1	2	1	1	0	1	1	2
KMXK0F01040	W0TEG7	KLMA_60459	5	6	4	1	3	2	4	4	4	3	5	6
KMXK0D01800	W0T9S6	KLMA_40156	4	2	2	2	2	2	2	4	2	3	6	6
KMXK0C02430	W0T7D5	KLMA_30242	9	8	5	4	4	3	6	8	7	6	6	4
KMXK0E03670			6	7	2	8	3	1	4	3	3	5	8	8
KMXK0E03280			15	16	9	10	10	12	12	13	12	10	9	5
KMXK0C04540	W0TAB0	KLMA_30456	3	2	4	1	0	2	1	1	1	1	2	3
KMXK0H01090	W0TFX6	KLMA_70110	2	3	3	0	2	1	0	2	0	2	3	0
KMXK0E04690	W0TE72	KLMA_50467	4	3	6	2	2	1	4	0	5	3	2	1
KMXK0A06220	W0T702	KLMA_10237	13	11	14	16	4	4	7	6	13	19	8	8
KMXK0B04200	W0T9V2	KLMA_20406	4	2	2	1	2	0	1	1	0	1	3	0
KMXK0C06100	W0T930	KLMA_30610	0	1	3	0	1	1	0	2	1	4	2	2
KMXK0A07900	W0T6F9	KLMA_10062	1	1	0	0	1	1	2	3	0	3	3	1
KMXK0A08250	W0T492	KLMA_10024	0	1	1	0	0	1	1	1	1	4	1	1
KMXK0H03730	W0TFS9	KLMA_70377	6	1	3	2	1	1	2	3	5	2	3	0
KMXK0F02960	W0TDX5	KLMA_60279	9	8	7	5	4	4	5	10	7	11	2	11
KMXK0H01930	W0TF97	KLMA_70192	6	4	6	4	8	10	6	8	9	10	10	10
KMXK0D03130	W0TE02	KLMA_40290	1	2	2	0	0	1	0	0	1	2	0	1
KMXK0B06020	W0T7L8	KLMA_20590	1	4	2	1	1	1	3	4	3	1	3	1
KMXK0B06630	W0T7S8	KLMA_20650	9	10	9	4	4	8	11	7	9	8	12	7
KMXK0D00280	W0TAH4	KLMA_40014	4	2	5	2	2	3	2	1	3	4	5	5
KMXK0A02400	W0T5Y3	KLMA_10599	2	0	0	1	0	0	2	1	2	0	1	0
KMXK0A01960	W0T4D2	KLMA_10643	2	3	0	0	1	0	1	1	0	1	0	0
KMXK0D02110	W0T9A4	KLMA_40183	3	5	4	0	2	3	2	7	1	4	6	3
KMXK0D06250	W0TC64	KLMA_40594	0	1	1	4	0	0	2	3	1	3	4	1
KMXK0H00130	W0TE06	KLMA_70014	2	0	0	0	1	1	2	2	0	4	3	0
KMXK0F05250	W0TE64	KLMA_60052	10	10	10	8	11	12	7	11	8	14	14	14
KMXK0C03910	W0TC52	KLMA_30394	6	9	8	8	8	7	6	8	5	11	10	12
KMXK0A03070	W0T5R3	KLMA_10534	2	2	2	1	0	1	1	1	0	2	2	2
KMXK0D06390	W0TAG3	KLMA_40608	13	7	11	8	7	8	12	10	13	16	13	9
KMXK0C05140	W0TCJ9	KLMA_30519	16	10	8	8	8	7	13	16	9	7	12	10
KMXK0E02040			6	7	14	11	10	5	11	15	13	8	7	10
KMXK0A00670	W0T8I7	KLMA_10772	2	1	1	0	0	1	1	1	1	2	2	2
KMXK0D01020	W0TDA8	KLMA_40085	1	2	1	0	1	0	1	2	0	2	3	1
KMXK0C05820	W0T8D3	KLMA_30582	3	0	1	0	1	0	2	2	2	1	2	0
KMXK0B07400	W0T800	KLMA_20725	13	9	14	7	10	8	8	10	6	5	17	13
KMXK0C01430	W0T748	KLMA_30142	4	6	4	4	2	0	6	4	3	1	6	6
KMXK0G02600	W0TGQ5	KLMA_80249	2	2	2	2	2	3	4	6	4	4	2	2
KMXK0F01080	W0TG07	KLMA_60455	2	2	3	3	3	2	7	2	5	1	3	2
KMXK0E03130	W0TBF1	KLMA_50308	2	4	4	2	1	0	4	1	2	2	1	3
KMXK0F01770	W0TDG2	KLMA_60396	0	1	2	1	0	0	1	1	1	4	1	1
KMXK0B04660	W0T5M3	KLMA_20454	2	1	2	1	0	1	1	1	2	3	3	2
KMXK0G00490	W0TG78	KLMA_80039	4	4	4	1	2	2	4	2	4	1	1	4
KMXK0E00380	W0TCZ7	KLMA_50032	1	3	9	4	1	1	2	4	1	2	7	3
KMXK0A02300	W0T5Z4	KLMA_10609	3	5	2	3	1	2	5	5	3	2	2	2
KMXK0A02230	W0T5A2	KLMA_10616	20	6	9	8	6	7	7	9	9	11	8	6
KMXK0B07680	W0T831	KLMA_20755	1	4	0	0	2	2	3	4	3	1	2	1
KMXK0E02720	W0TD16	KLMA_50269	10	6	5	4	9	7	7	9	5	11	11	10
KMXK0C02350	W0T7Z1	KLMA_30235	1	1	1	1	1	1	1	1	1	4	2	2
KMXK0H03700	W0TF07	KLMA_70374	0	1	2	1	1	1	1	2	5	0	1	2
KMXK0G03530	W0TIJ6	KLMA_80345	2	1	1	0	0	1	0	1	0	1	1	2
KMXK0H03970	W0TGP9	KLMA_70400	10	10	11	7	5	7	10	11	9	8	12	10
KMXK0D05490	W0TA84	KLMA_40523	8	10	5	5	4	5	5	7	6	8	12	5
KMXK0H01120	W0TGN4	KLMA_70113	10	11	9	9	9	6	10	6	5	12	9	13
KMXK0G01820	W0TK00	KLMA_80173	8	7	12	6	10	6	6	6	5	9	10	10
KMXK0A03240	W0T7R0	KLMA_10517	3	3	1	3	2	2	1	2	3	1	0	1
KMXK0B08360	W0TB02	KLMA_20821	2	2	3	1	0	1	0	4	2	2	2	3
KMXK0B01800	W0T949	KLMA_20166	5	4	5	3	3	0	4	4	1	4	6	2
KMXK0D05500	W0TBZ0	KLMA_40524	5	5	2	4	4	0	7	5	3	5	6	6
KMXK0B05270	W0T5T6	KLMA_20514	4	2	3	0	3	1	1	2	0	2	2	2
KMXK0A05430	W0T565	KLMA_10319	1	3	4	3	0	1	3	1	2	3	3	5
KMXK0E02650			5	4	4	3	4	2	3	2	2	6	4	5
KMXK0D04980	W0TEG8	KLMA_40475	2	3	0	1	0	0	1	2	0	0	2	3
KMXK0B07860	W0T8T7	KLMA_20773	2	1	2	0	1	0	2	1	0	1	3	1
KMXK0E05460	W0TDR1	KLMA_50549	5	6	7	6	3	5	4	5	5	7	10	7
KMXK0C05600	W0TAP2	KLMA_30561	1	3	1	3	4	2	2	1	1	2	0	1
KMXK0C03600	W0TA21	KLMA_30366	1	4	0	1	1	2	3	4	2	2	1	0
KMXK0G03810	W0THZ2	KLMA_80377	4	2	3	2	1	1	5	4	0	3	4	4
KMXK0A04040	W0T4S1	KLMA_10431	11	9	10	9	6	6	10	13	6	9	14	12
KMXK0F02520	W0TFK5	KLMA_60320	9	8	4	6	9	4	7	12	8	4	4	7
KMXK0E02560	W0TBA3	KLMA_50253	2	2	2	2	5	4	2	2	3	2	1	1
KMXK0F03740			2	1	2	0	1	1	0	0	1	2	2	0
KMXK0E01960	W0TBT1	KLMA_50191	3	4	5	2	3	1	2	4	4	5	6	3
KMXK0H00280	W0TE18	KLMA_70029	2	3	2	3	6	4	3	4	4	2	2	2
KMXK0E03870	W0TDY7	KLMA_50382	1	5	2	4	1	0	2	5	5	3	3	5
KMXK0C00280	W0T959	KLMA_30026	4	3	5	1	2	2	3	3	1	3	5	2
KMXK0A04590			10	17	5	11	16	15	10	12	10	6	10	11
KMXK0C01520	W0T7Q8	KLMA_30150	3	5	5	2	3	1	1	3	4	6	1	5
KMXK0C03210	W0T7L9	KLMA_30327	5	6	3	3	0	4	0	4	3	2	3	3
KMXK0A06980	W0T6Q9	KLMA_10157	0	0	2	1	3	2	1	0	1	2	0	0
KMXK0A01480	W0T8B7	KLMA_10692	6	1	0	0	1	1	1	1	2	2	3	1
KMXK0B03520	W0T5X6	KLMA_20337	1	4	1	2	0	0	2	2	3	2	1	1
KMXK0B03240	W0T7I0	KLMA_20308	2	3	2	0	2	0	1	2	0	0	2	2
KMXK0F00730	W0TDQ9	KLMA_60491	1	4	2	1	1	1	1	0	1	2	0	2
KMXK0C06260	W0T8H3	KLMA_30627	1	2	8	3	2	0	2	3	2	3	5	3
KMXK0F03190	W0TD34	KLMA_60256	0	1	1	0	0	1	0	2	0	0	3	2
KMXK0B03390	W0T581	KLMA_20324	4	10	13	9	5	7	10	9	11	6	9	4
KMXK0E01940	W0TCV0	KLMA_50189	1	3	3	1	1	0	2	2	2	3	2	0
KMXK0E02210	W0TDJ9	KLMA_50217	3	1	1	3	2	3	2	5	1	1	1	1
KMXK0B06880	W0T8I5	KLMA_20673	0	1	0	1	1	2	2	1	1	2	1	2
KMXK0D03950	W0TAG9	KLMA_40371	5	1	3	2	0	2	3	4	2	2	2	1
KMXK0C03820	W0T8C4	KLMA_30385	1	3	3	6	2	2	6	5	4	3	5	4
KMXK0B04220	W0T7V3	KLMA_20408	7	4	2	3	2	1	2	4	3	3	2	2
KMXK0A05840	W0T4E6	KLMA_10276	2	1	0	1	0	0	1	1	2	2	2	1
KMXK0G04190	W0TIS3	KLMA_80415	2	2	1	0	0	1	2	0	1	0	4	0
KMXK0H02620	W0TFF3	KLMA_70262	2	1	0	1	0	0	1	1	2	0	1	0
KMXK0B06700	W0T6R7	KLMA_20657	1	2	0	0	1	0	3	1	0	0	1	0
KMXK0C05500	W0T9Z9	KLMA_30553	0	2	1	0	0	1	0	4	0	1	0	0
KMXK0G03670	W0TG97	KLMA_80361	6	3	2	2	2	2	4	6	2	5	3	5
KMXK0D02030	W0TDK3	KLMA_40175	5	3	6	3	6	5	5	4	3	2	4	1
KMXK0A06000	W0T511	KLMA_10259	2	4	0	0	1	1	0	2	0	3	1	0
KMXK0E05640	W0TC48	KLMA_50568	5	4	6	3	3	1	4	4	3	4	3	3
KMXK0B04270	W0T650	KLMA_20412	3	5	7	3	4	3	4	3	4	5	9	4
KMXK0D00100			4	0	5	2	4	4	6	1	1	0	0	4
KMXK0A07790	W0T2Q5	KLMA_10073	5	1	2	1	2	0	3	4	1	3	3	0
KMXK0G02120	W0THH0	KLMA_80202	7	2	3	1	4	4	2	2	1	4	1	4
KMXK0B06280	W0T626	KLMA_20614	6	7	7	11	11	8	8	6	15	10	5	7
KMXK0A00970	W0T8F8	KLMA_10742	4	5	3	2	2	2	2	2	3	1	3	2
KMXK0G02130	W0TK27	KLMA_80203	2	2	4	1	3	2	7	4	2	3	2	5
KMXK0A01190	W0T5N0	KLMA_10721	4	7	2	2	2	2	4	4	3	2	5	2
KMXK0A03980	W0T7I3	KLMA_10437	4	9	0	7	0	0	3	4	3	1	8	5
KMXK0C02330	W0T8Z8	KLMA_30233	0	2	2	2	0	3	3	5	1	2	2	0
KMXK0E04350	W0TDE8	KLMA_50434	0	2	2	0	3	3	5	2	1	3	0	0
KMXK0B04080	W0T5H0	KLMA_20394	1	8	2	5	5	4	8	7	5	5	4	5
KMXK0A04790	W0T3M6	KLMA_10383	0	0	1	0	2	0	1	0	0	2	1	1
KMXK0E01880	W0TDG5	KLMA_50182	0	2	2	2	3	2	2	6	2	3	2	3
KMXK0H03340	W0TEV9	KLMA_70334	4	2	2	0	3	2	3	3	5	1	3	2
KMXK0C03040	W0TBW8	KLMA_30309	1	2	1	0	2	0	2	4	0	2	3	1
KMXK0H02600			8	8	5	5	6	5	7	10	7	7	10	9
KMXK0C00550	W0T982	KLMA_30051	0	1	4	4	2	1	2	3	1	4	0	7
KMXK0H03740	W0THD2	KLMA_70378	4	5	2	2	1	3	2	3	2	2	2	1
KMXK0C02170	W0T7B8	KLMA_30217	2	1	1	2	1	1	1	0	0	0	1	1
KMXK0C06690	W0T985	KLMA_30670	4	4	4	3	3	3	4	2	2	6	5	4
KMXK0C00920	W0T9B3	KLMA_30086	10	9	11	9	5	6	12	7	9	9	13	8
KMXK0D05790	W0TCN8	KLMA_40552	5	2	1	2	6	1	2	1	1	1	2	2
KMXK0A00950	W0T6F8	KLMA_10744	1	2	2	2	3	3	2	1	1	3	2	4
KMXK0A04950	W0T3L4	KLMA_10368	5	4	7	3	3	3	5	5	6	4	6	5
KMXK0G01630	W0TGI0	KLMA_80154	1	0	1	0	2	0	0	2	3	2	3	0
KMXK0C03290	W0T878	KLMA_30335	2	0	0	0	3	2	1	0	1	1	2	2
KMXK0G02050	W0TI55	KLMA_80195	1	2	4	5	5	4	4	5	3	4	5	2
KMXK0A05400	W0T775	KLMA_10322	8	5	4	2	8	2	7	5	5	5	10	6
KMXK0F00180	W0TDZ1	KLMA_60551	6	5	5	5	5	7	3	10	5	14	3	8
KMXK0B07440	W0T6D4	KLMA_20729	6	4	4	3	3	5	5	5	7	7	7	5
KMXK0G03540	W0TG81	KLMA_80346	3	3	2	2	3	0	2	2	2	1	1	1
KMXK0E00300	W0TCC3	KLMA_50024	0	0	3	0	3	3	3	0	2	3	3	2
KMXK0C02380	W0T902	KLMA_30238	9	7	9	5	7	4	5	6	9	5	7	5
KMXK0A02440	W0T3N3	KLMA_10595	7	4	6	3	4	3	5	4	5	7	4	6
KMXK0D05090	W0TAS3	KLMA_40486	7	4	3	4	0	3	3	4	3	4	3	3
KMXK0C03230	W0TBY5	KLMA_30329	1	3	0	1	0	0	1	1	1	0	2	2
KMXK0F00280	W0TER7	KLMA_60539	3	1	0	0	0	1	1	2	0	2	2	0
KMXK0G03860	W0THZ6	KLMA_80382	3	3	3	3	4	4	4	4	2	5	5	6
KMXK0B05880	W0T888	KLMA_20573	1	3	3	4	2	2	3	2	1	5	5	2
KMXK0D01470			1	1	1	0	1	1	3	2	1	1	1	1
KMXK0D04800	W0TCF2	KLMA_40457	1	3	1	2	1	0	1	2	0	2	3	2
KMXK0B00430	W0T8S1	KLMA_20031	3	2	5	0	3	2	3	2	2	4	4	2
KMXK0C05400	W0TCM3	KLMA_30544	1	1	1	2	0	2	2	1	0	2	3	2
KMXK0D00850	W0T9K4	KLMA_40071	4	3	4	2	2	1	3	4	1	1	3	4
KMXK0G03450	W0THU9	KLMA_80337	1	4	1	0	1	1	2	1	1	1	1	1
KMXK0B05450	W0T7F9	KLMA_20530	2	0	0	0	0	3	0	4	0	3	3	0
KMXK0F03340	W0TFD1	KLMA_60240	2	2	0	0	2	0	0	3	0	1	3	2
KMXK0C01050	W0T8N0	KLMA_30098	5	7	4	2	3	6	3	4	5	6	9	3
KMXK0F02930	W0TER8	KLMA_60282	0	3	3	0	1	3	3	5	0	2	4	3
KMXK0E02180	W0TCX4	KLMA_50214	4	5	5	4	2	4	2	4	5	8	5	4
KMXK0F00200	W0TI94	KLMA_60548	2	1	1	2	2	2	1	1	0	2	2	1
KMXK0C02990	W0T964	KLMA_30303	2	1	3	0	0	2	2	2	0	0	1	4
KMXK0A04830	W0T4N0	KLMA_10381	3	1	2	1	3	1	2	1	1	1	1	0
KMXK0C00290	W0T6U2	KLMA_30027	1	1	3	1	1	0	0	2	2	3	3	0
KMXK0B06650	W0T6R4	KLMA_20652	4	2	3	1	3	1	1	2	1	2	2	2
KMXK0B04420	W0T5J9	KLMA_20429	5	0	3	2	1	1	2	2	3	1	0	3
KMXK0C01020	W0T7L1	KLMA_30095	5	2	3	4	2	6	2	5	4	5	7	5
KMXK0C06790			7	6	7	6	4	5	5	8	3	7	6	10
KMXK0D02500	W0TBQ1	KLMA_40227	2	1	4	7	2	3	4	4	5	3	4	5
KMXK0F04120			3	2	3	3	3	1	5	5	3	3	3	4
KMXK0H03160	W0TGG5	KLMA_70315	2	3	2	4	4	2	4	2	2	3	6	4
KMXK0B05920	W0T891	KLMA_20578	0	0	2	0	0	2	0	0	2	2	2	1
KMXK0D04570	W0TED2	KLMA_40435	4	5	3	0	5	3	4	5	5	6	5	3
KMXK0C05280			1	5	2	1	2	1	2	2	1	3	3	2
KMXK0A04630			0	2	0	0	2	2	1	3	0	2	2	2
KMXK0F04970	W0TGZ0	KLMA_60078	3	1	2	2	1	1	0	1	3	1	0	1
KMXK0E01870	W0TBS3	KLMA_50181	3	0	0	0	0	1	0	1	0	2	0	1
KMXK0H04070	W0TF46	KLMA_70409	2	1	0	1	0	0	0	1	0	2	1	0
KMXK0E03560	W0TC70	KLMA_50351	4	0	0	1	0	1	0	2	3	2	0	0
KMXK0D03890	W0TE67	KLMA_40365	7	6	3	7	4	2	7	6	2	6	9	6
KMXK0G03520	W0TGZ5	KLMA_80344	9	6	5	7	6	3	5	8	6	10	7	8
KMXK0C02290	W0TBP6	KLMA_30229	1	0	0	1	0	1	2	0	0	3	0	1
KMXK0D02120	W0TAY9	KLMA_40184	0	1	1	0	1	0	0	2	0	3	0	1
KMXK0A07980	W0T4C5	KLMA_10054	3	3	5	3	2	1	3	2	2	5	3	2
KMXK0D00360	W0TB56	KLMA_40022	3	2	5	1	2	2	5	3	0	2	2	2
KMXK0C03350	W0T9Z7	KLMA_30341	1	0	3	0	1	0	1	2	0	1	0	2
KMXK0F04190	W0TDL9	KLMA_60149	2	1	1	1	0	0	1	1	1	1	1	1
KMXK0E01260	W0TAW2	KLMA_50118	1	2	0	0	0	1	2	2	0	2	0	1
KMXK0A08060	W0T3P3	KLMA_10046	5	5	5	6	3	2	5	5	6	3	5	2
KMXK0G00300	W0TH05	KLMA_80022	9	7	6	4	4	6	7	7	3	5	5	6
KMXK0C01860	W0TBK9	KLMA_30184	4	5	3	4	3	3	4	5	4	5	7	5
KMXK0C05940	W0TCR8	KLMA_30594	1	2	3	1	2	2	3	4	3	2	2	3
KMXK0F01860	W0TF29	KLMA_60387	4	5	3	2	4	1	4	5	3	5	3	4
KMXK0H01230	W0TEA4	KLMA_70124	0	1	2	1	0	1	2	1	2	2	2	1
KMXK0C02400	W0T7Z5	KLMA_30240	0	2	0	2	2	1	2	1	0	2	2	1
KMXK0F02140			2	0	3	3	0	0	2	1	2	0	0	2
KMXK0A06960	W0T4N5	KLMA_10159	3	5	1	2	1	2	2	2	1	2	4	2
KMXK0D00520	W0T8V0	KLMA_40038	1	6	3	5	5	3	4	9	3	5	6	5
KMXK0C01240	W0T7N2	KLMA_30120	0	3	1	2	1	0	1	3	0	4	2	1
KMXK0H01280	W0TEB0	KLMA_70129	0	1	2	0	0	2	0	1	1	1	3	1
KMXK0F05460	W0TDA6	KLMA_60034	0	1	1	1	0	1	1	1	1	1	3	1
KMXK0B01630	W0T6B4	KLMA_20150	4	3	3	5	4	3	1	6	1	4	6	4
KMXK0H01210	W0TF40	KLMA_70122	3	2	0	1	3	2	2	3	2	2	1	0
KMXK0D06350	W0TC74	KLMA_40604	0	5	0	3	0	0	4	0	2	2	5	0
KMXK0G02180	W0TK32	KLMA_80208	2	3	2	2	2	4	5	3	2	2	2	1
KMXK0G03960	W0TI07	KLMA_80392	3	4	3	3	0	2	2	4	1	3	2	3
KMXK0E04220	W0TBP8	KLMA_50418	3	7	1	2	3	1	5	3	0	3	3	4
KMXK0D04580	W0TAM6	KLMA_40436	1	3	3	3	3	6	4	4	2	4	4	4
KMXK0C03150			2	2	4	2	3	0	2	4	4	2	3	3
KMXK0F00800	W0TFC1	KLMA_60482	3	1	3	3	2	0	2	3	5	4	0	3
KMXK0G01960	W0TI51	KLMA_80185	3	0	4	0	0	5	0	0	4	0	5	3
KMXK0D02770	W0T9H3	KLMA_40253	3	2	0	0	2	2	1	2	2	0	1	1
KMXK0G02520	W0TFY7	KLMA_80241	1	2	2	2	2	1	2	1	1	1	0	1
KMXK0A03910	W0T5G7	KLMA_10444	1	4	2	2	4	2	4	6	1	4	0	2
KMXK0D02340	W0TDN7	KLMA_40210	3	1	5	0	4	2	5	4	2	4	4	2
KMXK0C06000	W0T923	KLMA_30600	3	2	2	3	1	0	2	1	4	1	2	1
KMXK0B07510	W0TAR6	KLMA_20736	4	2	1	2	1	1	1	1	2	1	3	3
KMXK0E00910	W0TD40	KLMA_50082	7	3	4	4	4	4	2	8	2	7	5	6
KMXK0G00320	W0TG65	KLMA_80024	4	1	4	2	1	2	2	2	2	2	0	3
KMXK0H01400	W0TF56	KLMA_70142	2	1	0	0	2	1	1	2	3	1	4	0
KMXK0D01170	W0T9M2	KLMA_40096	4	3	3	2	2	2	2	3	2	4	3	3
KMXK0D04540	W0TCD3	KLMA_40432	5	1	5	3	2	2	2	3	4	5	4	3
KMXK0D02870	W0T9J6	KLMA_40263	3	0	0	0	2	0	0	1	0	1	0	0
KMXK0E06150	W0TDW6	KLMA_50619	3	3	3	2	2	3	5	3	4	3	3	2
KMXK0E05300	W0TCM9	KLMA_50526	1	3	0	3	3	0	3	5	0	0	1	4
KMXK0F01140	W0TEF4	KLMA_60449	0	0	6	2	2	0	2	2	4	3	4	0
KMXK0E02750	W0TDQ0	KLMA_50272	1	2	0	1	0	1	2	3	0	0	2	2
KMXK0C06250	W0TAV1	KLMA_30626	5	5	6	5	2	6	6	3	3	3	5	2
KMXK0A04740	W0T3N2	KLMA_10388	2	3	3	2	2	1	2	2	2	4	4	1
KMXK0C01290	W0T7N7	KLMA_30125	2	2	1	0	0	2	0	2	1	0	2	1
KMXK0E05840	W0TC71	KLMA_50588	3	0	2	2	0	0	3	0	0	1	2	0
KMXK0D05870	W0TEP5	KLMA_40560	3	4	4	2	2	3	4	4	0	2	7	2
KMXK0G02230	W0TK37	KLMA_80213	1	2	1	1	0	1	1	2	1	1	3	1
KMXK0E05040	W0TGA5	KLMA_50500	2	2	0	1	1	0	1	2	1	0	2	0
KMXK0F05650	W0TCG6	KLMA_60016	2	0	2	1	0	1	1	1	0	3	1	0
KMXK0C01870	W0T7U0	KLMA_30185	0	1	2	0	1	0	0	2	1	0	1	1
KMXK0F03710	W0TDR8	KLMA_60199	2	1	0	1	2	0	0	1	0	0	1	1
KMXK0F00250	W0TFL8	KLMA_60542	1	4	1	1	3	1	3	2	1	2	4	3
KMXK0G03130	W0TKC1	KLMA_80303	1	3	2	2	3	4	2	3	0	3	3	0
KMXK0C05110	W0TAK1	KLMA_30516	4	3	5	3	4	2	4	5	1	6	4	4
KMXK0F05110	W0TEY6	KLMA_60065	4	2	4	4	4	1	4	3	4	4	6	4
KMXK0G00620	W0TH33	KLMA_80052	4	4	7	5	5	3	4	4	3	5	3	2
KMXK0B03850	W0T717	KLMA_20370	3	2	5	3	6	3	4	3	4	5	4	6
KMXK0A01090	W0T5N9	KLMA_10731	4	5	3	4	2	3	5	4	5	5	4	3
KMXK0C00340	W0T6U6	KLMA_30032	2	4	4	2	3	3	2	3	2	3	4	4
KMXK0D00400	W0T9G1	KLMA_40026	3	1	4	2	4	1	3	2	1	6	1	3
KMXK0A07830	W0T4E1	KLMA_10069	4	3	0	2	3	3	4	4	2	3	2	1
KMXK0E03510	W0TDW1	KLMA_50347	2	1	2	1	1	3	3	1	3	3	2	3
KMXK0E00120	W0TEW6	KLMA_50005	1	2	2	2	2	1	3	4	1	2	3	2
KMXK0D06520	W0TC88	KLMA_40619	2	3	2	2	2	2	1	3	3	2	2	0
KMXK0H00640	W0TEY8	KLMA_70067	0	3	2	1	1	1	1	5	0	1	2	2
KMXK0G02240	W0TGN3	KLMA_80214	2	1	1	1	2	1	0	2	1	2	2	2
KMXK0D01900	W0T980	KLMA_40163	0	1	2	0	1	0	0	1	1	0	2	0
KMXK0A05690	W0T541	KLMA_10294	0	2	0	0	3	0	0	1	1	0	0	1
KMXK0E04860	W0TE89	KLMA_50482	0	0	2	1	0	0	0	2	0	2	0	1
KMXK0F04310	W0TEE5	KLMA_60137	1	1	1	0	0	1	2	0	0	1	1	0
KMXK0H03000	W0TGE8	KLMA_70300	3	2	4	2	4	2	1	3	3	2	7	2
KMXK0F05540	W0TCH4	KLMA_60026	4	2	2	0	4	3	4	3	2	3	7	1
KMXK0C02880	W0T7I7	KLMA_30292	1	0	1	1	1	1	1	1	2	2	0	0
KMXK0D06490	W0TB32	KLMA_40616	1	1	0	1	1	0	2	1	1	0	1	2
KMXK0C06380	W0TCW1	KLMA_30639	2	1	1	1	0	1	1	2	0	1	1	0
KMXK0A02240	W0T3Q6	KLMA_10615	3	1	0	1	2	1	1	1	0	0	2	2
KMXK0A03930	W0T7I9	KLMA_10442	2	1	1	0	0	2	2	2	0	2	1	1
KMXK0D04810	W0TA29	KLMA_40458	2	1	2	2	2	0	1	2	3	2	1	4
KMXK0E05990	W0TC86	KLMA_50603	0	3	1	1	1	3	2	3	1	1	4	2
KMXK0E01320	W0TCL3	KLMA_50124	1	3	1	4	1	2	4	2	2	3	4	1
KMXK0A03490	W0T4Y0	KLMA_10491	1	5	3	3	1	3	5	4	2	1	5	3
KMXK0E03490	W0TFW9	KLMA_50345	2	4	3	3	4	2	1	2	4	7	4	0
KMXK0A06970	W0T2Z6	KLMA_10158	2	1	1	0	0	2	1	1	1	1	2	1
KMXK0C02140	W0T7B4	KLMA_30212	3	3	3	2	3	2	3	3	0	3	3	3
KMXK0E01350	W0TD78	KLMA_50127	3	3	3	3	3	3	2	2	2	1	4	4
KMXK0F01180			3	2	2	2	1	1	0	3	2	2	2	1
KMXK0C02050	W0T8X1	KLMA_30203	1	2	2	1	1	2	1	3	1	2	3	2
KMXK0A00310	W0T8M3	KLMA_10812	2	1	3	2	1	2	3	2	2	2	2	4
KMXK0H04370	W0THK2	KLMA_70438	2	2	1	3	0	3	3	3	2	2	3	1
KMXK0H02120	W0TIT8	KLMA_70211	3	1	1	2	2	1	1	2	2	1	1	1
KMXK0D00420			2	2	1	1	1	1	2	1	2	2	2	1
KMXK0D03100	W0TC08	KLMA_40287	2	1	2	1	1	2	2	1	2	1	1	1
KMXK0B04620	W0T792	KLMA_20450	2	1	0	0	3	2	3	1	1	2	2	0
KMXK0D03080	W0TDZ7	KLMA_40285	1	2	2	1	1	1	1	1	2	0	4	1
KMXK0A02120	W0T829	KLMA_10627	2	1	2	1	2	0	1	3	1	4	0	0
KMXK0B00750	W0T537	KLMA_20062	0	1	1	1	1	1	1	1	1	1	1	2
KMXK0E04330	W0TE33	KLMA_50432	1	1	2	0	1	1	1	1	1	1	1	1
KMXK0D04300	W0TCB5	KLMA_40407	1	2	1	1	1	1	1	1	1	0	1	1
KMXK0F03250	W0TDV0	KLMA_60249	2	0	0	1	0	0	1	0	0	2	0	0
KMXK0C05640	W0T8Z7	KLMA_30565	1	1	0	0	0	1	0	0	1	2	0	0
KMXK0F01320	W0TFX9	KLMA_60430	0	2	0	0	0	1	1	1	0	0	1	0
KMXK0B05410	W0TA62	KLMA_20526	3	0	3	1	1	2	2	2	2	2	3	1
KMXK0E03960	W0TG08	KLMA_50390	3	1	1	1	2	1	2	0	2	2	1	0
KMXK0B04570	W0T785	KLMA_20445	0	1	0	1	1	0	1	0	1	0	0	2
KMXK0F03790	W0TCX7	KLMA_60191	2	0	1	2	1	0	1	0	1	2	0	0
KMXK0E05260	W0TED4	KLMA_50522	2	0	1	1	1	0	1	1	0	1	1	1
KMXK0E05470	W0TGF8	KLMA_50550	0	0	2	1	1	1	2	0	0	1	0	1
KMXK0B00900	W0T6U4	KLMA_20078	2	0	1	1	1	1	1	1	0	0	2	1
KMXK0G01210	W0TJU3	KLMA_80113	0	0	2	2	0	1	2	1	0	2	0	1
KMXK0H00890	W0TF10	KLMA_70092	0	2	1	2	0	1	0	1	2	0	1	1