NCBI_CBS6556	Uniprot_DMKU3_1042	Gene_name_DMKU3_1042	high_temp_A	high_temp_B	high_temp_C	low_pH_A	low_pH_B	low_pH_C	osmotic_stress_A	osmotic_stress_B	osmotic_stress_C	standard_A	standard_B	standard_C
KMXK_0F03890	W0TF87	KLMA_60180	7.011849817	7.14370086	6.907052149	7.224195875	7.362088399	7.114008958	7.945476783	8.036401625	7.948596418	7.138664101	7.150815818	6.991914407
KMXK_0D02420	W0T9E0	KLMA_40218	7.822131991	7.692566531	7.699183064	7.410861625	7.450944273	7.395302372	7.021356271	7.032667222	6.993219312	7.3884522	7.370087958	7.289722117
KMXK_0B04700	W0T5M8	KLMA_20459	6.917888127	6.912755187	6.882207926	7.515862377	7.553925173	7.457976032	7.703645274	7.615167607	7.509955276	7.705118023	7.634890696	7.726924876
KMXK_0G03730	W0THY0	KLMA_80367	7.699489774	7.63562764	7.712915371	7.143400574	7.19252784	7.127890411	7.389274834	7.495328216	7.353244233	6.968675622	7.087107712	7.021396932
KMXK_0B02970	W0T5P3	KLMA_20282	7.851272168	7.813481691	7.777330245	7.224582765	7.364475439	7.256195331	7.513137507	7.425475927	7.480524915	7.312610785	7.369846355	7.37938427
KMXK_0E02340	W0TBW1	KLMA_50231	7.58856971	7.667934036	7.676215336	7.336535164	7.290161259	7.300489135	7.498766359	7.502579072	7.562207169	7.322174388	7.340220494	7.290739385
KMXK_0A05260	W0T3I9	KLMA_10338	6.873515975	6.770148606	7.019765768	7.394226627	7.39043478	7.462069056	7.522394775	7.570543899	7.551488826	7.152412907	7.165456897	7.200153282
KMXK_0C05990	W0TCS3	KLMA_30599	7.266791699	7.407113992	7.453150455	8.232308327	8.123251126	8.333450712	7.797460512	7.689651377	7.786416095	7.835885224	7.676526071	7.756052965
KMXK_0F02430	W0TE19	KLMA_60329	6.51085449	6.462383824	NA	6.980489804	6.914139969	6.685563523	6.966592189	6.997922562	6.74928393	6.976570721	6.935406776	6.786291497
KMXK_0A06960	W0T4N5	KLMA_10159	6.57141073	6.665958447	6.63257489	7.09822911	7.141072499	7.024089059	7.094226769	7.203929101	7.131549889	6.98469037	7.181395869	7.186676716
KMXK_0E06060	W0TGM4	KLMA_50610	6.89324364	6.929339409	7.00076017	7.159337259	7.193013294	7.223324629	7.25015887	7.281204325	7.250737533	7.318301084	7.256908864	7.266165876
KMXK_0G03550	W0TKF9	KLMA_80348	7.354782708	7.310795674	7.219912462	7.704191434	7.718673239	7.706614353	7.706344449	7.551938268	7.594688301	7.761722843	7.753493198	7.781738437
KMXK_0A01280	W0T8D4	KLMA_10712	7.782061714	7.813304625	7.82637951	7.436923113	7.46022366	7.424524151	7.546173024	7.524803257	7.520072116	7.594080455	7.444903488	7.532814782
KMXK_0E03660	W0TC80	KLMA_50361	7.303264272	7.631302026	7.462068666	7.882207463	7.945968487	7.738722098	6.168412467	6.465733134	5.930944096	8.046270701	7.938473217	7.326206932
KMXK_0D01140	W0TAQ3	KLMA_40094	7.19338719	7.309120265	7.166940884	7.40173256	7.612518245	7.41298067	7.50103886	7.584192861	7.457067868	7.545381228	7.70479289	7.441210375
KMXK_0C00270	W0T7F3	KLMA_30025	7.062082473	7.032302753	7.109036289	7.572887741	7.398622483	7.401240031	7.609061131	7.656134625	7.590270331	7.336897175	7.331284758	7.408960729
KMXK_0H01120	W0TGN4	KLMA_70113	6.589645424	6.604116434	6.367746209	7.107146916	7.050912267	7.109518093	7.016186605	7.081949729	6.908904241	7.098277034	7.126139813	6.986780806
KMXK_0D01720	W0T963	KLMA_40148	6.844439186	6.623794277	6.691456437	7.955969678	7.632990392	7.597594122	7.207831224	7.05852017	7.293802395	7.74722723	7.81583103	7.624596253
KMXK_0B00860	W0T4J6	KLMA_20074	7.207807082	7.278404007	7.272415362	6.724471445	6.938541681	6.726135158	7.006242593	7.117948199	6.969763987	6.774147375	6.73560449	6.688610998
KMXK_0B02730	W0T7C2	KLMA_20258	6.777638412	6.510315143	6.657962853	7.749234155	7.507123114	7.527465887	7.650460016	7.735875354	7.664543474	7.456967847	7.428011308	7.758121935
KMXK_0C06930	W0T8N1	KLMA_30687	7.417800375	7.378634636	7.381767551	7.708895413	7.60584953	7.727232657	7.768675543	7.557759677	7.607671435	7.879647655	7.747916701	7.753920641
KMXK_0B03200	W0T6S6	KLMA_20305	7.031358638	6.928353619	7.001136676	7.413570092	7.334078182	7.490174044	7.332253474	7.386448543	7.369970259	7.565411511	7.480300104	7.389876966
KMXK_0E05330	W0TDP1	KLMA_50529	7.324073306	7.254380873	7.23516317	6.9303359	6.993899202	6.969886418	7.19219247	6.999567866	7.202153013	6.741108273	6.782053513	6.762725107
KMXK_0A07560	W0T6J7	KLMA_10097	6.909924015	6.871622571	6.737396109	7.320264443	7.3454213	7.382652149	7.225341584	7.093361877	7.11000295	7.155132057	7.173800492	7.180631227
KMXK_0E00470	W0TB85	KLMA_50041	6.912025742	7.0120652	6.939277629	7.155394247	7.283111939	7.184758365	7.384006684	7.451849809	7.364537928	7.398923534	7.2816085	7.319742461
KMXK_0B03030	W0T7F7	KLMA_20288	7.006623076	7.058696323	6.963677102	7.238807602	7.242084215	7.325974054	7.177537858	7.121404815	7.097387754	7.383704826	7.363224866	7.305148522
KMXK_0C03640	W0T8A9	KLMA_30370	7.027312517	7.077820902	7.135989711	7.211328076	7.158833912	7.121283992	6.721611804	6.763843616	6.801223349	7.097761882	7.232068573	7.120229318
KMXK_0B04280	W0T7V7	KLMA_20413	6.720362281	6.537383508	6.594529413	6.997467905	6.884129216	7.01541738	6.709533102	6.637786012	6.718018545	7.081156119	6.947124757	6.897531209
KMXK_0F03310	W0THE4	KLMA_60243	7.367364237	7.143752143	7.133343403	6.98477385	6.954466304	6.904176616	6.47135468	6.606317942	6.684631914	6.371165975	6.574903503	6.463582374
KMXK_0C07290	W0T8R1	KLMA_30722	7.276298885	7.415137436	7.428506246	7.40615646	7.353460007	7.390704161	7.085216882	7.076849448	7.067525267	7.444030795	7.376357813	7.444437447
KMXK_0B02910	W0T9G2	KLMA_20276	6.897162839	6.661386612	6.661593418	7.159253302	7.272361517	7.110675589	7.286958965	7.322359197	7.297621474	7.355386484	7.256075169	7.312498991
KMXK_0C00810	W0T7J6	KLMA_30075	7.108873423	6.919305835	6.942319146	7.46834564	7.371725506	7.491745255	7.36880671	7.310498045	7.420035135	7.313209375	7.305435778	7.234728096
KMXK_0H04430	W0TFA8	KLMA_70444	7.123736704	7.132159644	7.10454557	7.576055358	7.301083123	7.630856447	7.127720704	7.181383092	7.164114842	7.912340178	7.671411731	7.777530997
KMXK_0D01210	W0TAQ8	KLMA_40099	7.132784945	7.25326342	7.240767531	6.930400078	6.996841036	6.821007961	7.141696158	7.218176886	7.115678397	6.696813125	6.936540641	6.809793008
KMXK_0H04290	W0TF68	KLMA_70429	6.812014337	6.74972419	6.737821764	7.26174043	7.057789997	7.216699296	6.573366077	6.491527173	6.757191118	7.791240127	7.34708784	7.383597251
KMXK_0C00260	W0TB73	KLMA_30024	6.956444631	7.041668697	6.739625032	7.452090272	7.273573094	7.211633728	7.595133191	7.470844689	7.478688628	7.447013829	7.490931203	7.226464715
KMXK_0B02080	W0T4V3	KLMA_20194	7.334015287	7.291188687	7.292677014	7.14899654	7.170830676	7.350312239	6.640596686	6.371315226	6.710509564	6.827771605	6.942698839	6.859783555
KMXK_0A06760	W0T4T5	KLMA_10179	6.982600475	6.925979156	6.755854248	6.754438257	7.118736811	6.780167538	7.626689072	7.723912815	7.760060466	7.059812516	6.960873237	6.758266308
KMXK_0D05160	W0TA58	KLMA_40493	7.071260577	7.007741988	7.024064671	6.858512557	6.894315463	6.835719466	7.052466712	7.068357069	7.001246843	6.757080614	6.845318659	6.852520571
KMXK_0D01170	W0T9M2	KLMA_40096	7.149757993	7.020085333	7.027099595	7.426272604	7.367649516	7.233013427	7.131167874	7.20421809	7.108141004	7.416739026	7.408132452	7.341119319
KMXK_0D05050	W0TCH3	KLMA_40482	7.601808397	7.499472775	7.553126295	7.737072909	7.776191458	7.830514809	7.780562043	7.861649428	7.756671996	7.861986153	7.855779583	7.822996774
KMXK_0E05410			7.231720396	7.109686488	7.085778082	6.618933116	6.71870373	6.835166033	6.610728295	6.593067235	6.556819082	6.383128024	6.648303501	6.561029725
KMXK_0A06690	W0T462	KLMA_10186	7.295447148	7.52426863	7.563099467	6.877389665	6.481523016	6.71739152	6.635432684	6.689605398	6.627283623	7.041737579	7.139009394	6.948014794
KMXK_0H00770	W0TFV2	KLMA_70080	6.216019641	6.482315229	6.450931576	6.953000269	6.863333643	6.994567561	7.032992468	7.207497929	7.031769735	7.057789799	7.012113272	6.838089271
KMXK_0G02330	W0TI79	KLMA_80225	7.559999256	7.497571136	7.384240113	7.615151165	7.543416756	7.48057968	7.15856698	7.190639718	7.197491441	7.605184529	7.43225446	7.46850957
KMXK_0F00530	W0TDW0	KLMA_60511	7.389598796	7.402587028	7.382101065	6.787884719	6.98498414	7.097664154	6.797868176	6.789357706	6.890617343	6.927572918	6.800655142	6.764469735
KMXK_0A05140	W0T3J8	KLMA_10348	7.702393585	7.482488134	7.664092496	7.595506562	7.510332576	7.609559816	7.325134841	7.121768981	7.276370045	7.516480047	7.435454785	7.370405633
KMXK_0A01300	W0T427	KLMA_10710	6.804086824	6.803516615	6.810492148	7.190989827	7.069887413	7.050122947	6.920222446	6.997438175	6.943965347	7.019484713	7.012911532	7.072659978
KMXK_0C01890	W0T794	KLMA_30187	6.847196045	6.928299841	7.033319408	7.130623268	7.105398165	6.972084368	7.423837344	7.524677156	7.334624714	7.315702275	7.278172864	7.351294316
KMXK_0D03890	W0TE67	KLMA_40365	6.831035172	6.678091763	6.688439059	6.922373127	7.163894649	6.928717984	7.254506846	7.238115705	7.129939511	6.764716065	6.787099735	6.689794687
KMXK_0A06050	W0T3B0	KLMA_10253	7.005352869	6.893456979	6.868556796	7.065501665	7.150206608	7.095014773	7.247623733	7.293816361	7.183443039	7.325573648	7.210549956	7.199267176
KMXK_0A06250	W0T4Y9	KLMA_10234	7.695340576	7.734782095	7.622664688	7.070534067	7.21317114	7.032743936	5.930237427	6.530372704	6.706961344	7.161030062	7.435972738	7.545137115
KMXK_0G00480	W0TJN4	KLMA_80038	6.754241484	6.70471176	6.757239665	7.027759196	7.072796937	7.08612624	7.304344307	7.111375706	7.186317406	7.089018765	6.90973015	6.863143945
KMXK_0H00360	W0TEW1	KLMA_70037	7.423652969	7.38445706	7.365982983	7.590978309	7.625458266	7.745958449	7.580065924	7.659452245	7.605008749	7.844674712	7.733645388	7.718119257
KMXK_0E01310	W0TAW7	KLMA_50123	6.793819033	6.745966778	6.616396215	6.897516319	6.887521776	6.996669085	7.178144211	7.21463573	7.124419055	7.100597996	6.974116506	7.159102187
KMXK_0D05930	W0TEP8	KLMA_40565	6.907853557	6.92910968	6.839968388	6.831591727	6.985511441	6.90360143	7.139382107	7.227722743	7.288247071	6.464020204	6.654343618	6.809664536
KMXK_0C02250	W0T7Y2	KLMA_30225	7.322183193	7.236462008	7.264429397	7.308956868	7.288833254	7.258661786	7.217320325	7.190783371	7.236087573	7.117101331	7.103392136	7.154863897
KMXK_0G01720	W0TJY9	KLMA_80163	7.637238606	7.707766475	7.742002594	7.656932067	7.613974294	7.609729354	7.69165828	7.800649561	7.737513259	7.956061428	7.856665985	7.929075813
KMXK_0G03710	W0TIL9	KLMA_80365	7.443725218	7.342552703	7.465398691	7.635201764	7.720761104	7.776939065	7.654832096	7.756770496	7.700160668	7.84278842	7.817714893	7.715884129
KMXK_0B04290	W0T5I6	KLMA_20414	6.968897211	6.86326707	6.823008507	7.087964257	7.091405256	7.015509212	7.049220975	6.971446749	6.989984118	7.173453827	7.088113889	7.174087879
KMXK_0B01680	W0T6B9	KLMA_20155	7.305049654	7.297897362	7.381260339	7.165880521	7.078252115	7.023871689	6.903427651	6.883344386	6.859784396	7.3379338	7.07543143	7.256295342
KMXK_0E04730	W0TCH5	KLMA_50471	6.878791813	6.668543755	6.745457576	7.138157365	7.071444288	7.015565759	7.093209226	7.146598885	7.02242394	7.106044513	7.137021827	7.111282609
KMXK_0B07510	W0TAR6	KLMA_20736	6.901126306	6.611164691	6.760722569	7.076224664	7.025297371	7.021658669	7.101351697	7.085570805	7.064425212	7.265177295	7.168617951	7.079698579
KMXK_0C06300	W0TAV6	KLMA_30631	7.209920681	7.020545476	7.01966632	7.434203576	7.477386621	7.659479026	7.574255289	7.622492168	7.536311192	7.766812941	7.582981322	7.566641841
KMXK_0E02480	W0TFM8	KLMA_50245	7.451381408	7.511263924	7.492157116	7.504641174	7.631631446	7.530458123	7.753493488	7.743426162	7.649844938	7.669021516	7.693278602	7.711642008
KMXK_0F00350	W0TFK8	KLMA_60532	7.147683817	7.072057504	7.021569934	7.298829104	7.478179782	7.434347502	7.360065444	7.492509101	7.314569466	7.532894217	7.56055717	7.401077639
KMXK_0H04420	W0THL5	KLMA_70443	7.724940065	7.851601319	7.713546729	7.594801056	7.46604229	7.554618923	7.089143508	6.966026191	7.323461732	7.673943689	7.700758571	7.546064852
KMXK_0A08010	W0T3P9	KLMA_10051	7.567523103	7.740792585	7.838052528	7.462667342	7.477200168	7.351092548	7.293843023	7.272476951	7.330799539	7.297437512	7.252657299	7.327117992
KMXK_0A01880			7.161250548	6.941620042	7.02814152	7.536030021	7.588655872	7.554454929	7.309355716	7.529178485	7.39566832	7.40356165	7.513041346	7.336410011
KMXK_0E02630	W0TFP1	KLMA_50260	7.110960093	7.074240375	7.036472649	7.522045674	6.995366124	7.497586488	6.642589079	6.330005615	6.50314591	7.275900334	7.423007171	7.492680212
KMXK_0B05040	W0TA28	KLMA_20491	6.803793016	6.911041329	6.936040144	7.318472548	7.199465292	7.266609941	7.170018133	7.213203048	7.141026898	7.517261816	7.386838974	7.240341848
KMXK_0A03560	W0T3X2	KLMA_10483	6.979545724	6.972153101	6.876486288	6.979635848	6.989762268	6.989152	7.097525175	7.227688386	7.222835908	7.273980061	7.149400879	7.265926596
KMXK_0H03040	W0TES5	KLMA_70304	6.507529335	6.440634702	6.342785555	6.835199269	6.664744331	6.632047882	6.74716302	6.808154031	6.668813821	6.820958943	6.780261719	6.856290904
KMXK_0H02260	W0TG71	KLMA_70225	6.472085515	6.496838574	6.609045849	6.823173208	6.876483142	7.07592405	6.771170975	6.860836451	6.778463843	6.781892481	6.774575061	6.814408851
KMXK_0E03750	W0TFZ2	KLMA_50370	6.742984179	6.938090984	6.990554301	6.932332139	6.9187705	7.070882219	7.087320899	7.207306457	7.356203801	6.596054673	6.547994065	6.372906582
KMXK_0B04420	W0T5J9	KLMA_20429	7.117761522	6.985223905	7.101023159	6.879742414	6.791136565	6.754934935	6.860539909	6.901643611	6.836679702	6.73797648	6.677123221	6.793490527
KMXK_0D03320	W0TAC1	KLMA_40311	6.867085424	6.756376768	6.655710128	7.254082761	7.038077121	7.192317229	7.238396739	7.312165741	7.334427361	7.10639903	7.103911342	7.282702605
KMXK_0G01390	W0TI04	KLMA_80130	6.910476953	6.643780193	6.813200409	7.321835351	7.145238377	7.434102259	7.231434228	7.282909135	7.263846746	7.484016949	7.352477006	7.253470694
KMXK_0H02490	W0TEM5	KLMA_70249	6.699631751	6.656627706	6.721713867	6.899800998	6.910661513	6.9967253	6.44760741	6.418939312	6.45388484	6.826061351	6.826199558	6.554569395
KMXK_0B05960	W0T6K4	KLMA_20582	7.349991601	7.475342462	7.446818787	7.062538555	7.254390506	6.88281148	7.265403589	7.183728863	7.313570495	6.753228686	6.912577112	6.739279485
KMXK_0D00300	W0T9F4	KLMA_40016	7.199624763	7.072985578	7.010707434	7.334263505	7.329165333	7.334002316	7.307005184	7.322627731	7.237191464	7.405979035	7.294587597	7.282597317
KMXK_0B01260	W0T4N6	KLMA_20114	6.500772327	6.368822287	NA	6.832650351	6.853525462	6.677722138	NA	6.830500232	6.747155861	7.002270215	6.863128348	6.709784246
KMXK_0B05840	W0T883	KLMA_20568	7.843126532	7.919852147	7.879292654	7.516109731	7.655768909	7.301784113	7.732957458	7.668329356	7.74389697	7.408278977	7.421876066	7.23301635
KMXK_0H00100	W0TIA9	KLMA_70011	7.1520785	7.282956172	7.360895527	7.13912909	7.235206403	6.988258862	6.474190802	6.709216391	6.700994626	7.166283676	7.026239661	6.983398782
KMXK_0D01380	W0TDD9	KLMA_40115	7.22471699	7.191843796	7.268216556	7.478421292	7.278588102	7.524529652	6.928573538	6.926395927	6.918850618	7.448825827	7.08852133	7.357494677
KMXK_0B03850	W0T717	KLMA_20370	6.807740672	6.872695038	6.904966653	6.69934898	6.528365923	6.614735723	6.731101421	6.679926623	6.695833747	6.450090141	6.384036501	6.593219573
KMXK_0B00530	W0T518	KLMA_20042	8.043687826	7.60760716	7.555006325	7.657792853	7.464872932	7.916103172	6.649904049	6.721729031	6.835599327	7.918258888	7.625631922	7.520165776
KMXK_0C06530	W0TCX6	KLMA_30654	7.069496006	7.281751295	7.211157268	7.045771495	7.028995323	7.01498321	6.666546029	6.530423067	6.767016599	7.04627335	6.839853447	6.958770955
KMXK_0C03150			6.756768941	6.796908011	6.824773442	6.516759782	6.713466883	6.555266634	6.573714603	6.637903388	6.579906809	6.385710802	6.477960447	6.549602741
KMXK_0C04000	W0T9G9	KLMA_30403	6.755736885	6.590130877	6.525179024	7.041901538	6.974297844	7.158099299	6.808522633	6.697590387	6.791125047	6.899436607	6.947633555	6.915142595
KMXK_0F01020	W0TDM8	KLMA_60461	7.48832938	7.53184414	7.583827219	7.34701844	7.282718528	7.294846015	7.271172401	7.325079888	7.293685484	7.374150044	7.232460617	7.226283295
KMXK_0B06870	W0T6S7	KLMA_20672	6.782559851	6.713660799	6.576374799	6.626711888	6.749575748	6.467311106	6.915246631	6.907234156	6.791680289	6.217876193	6.341347468	6.402756042
KMXK_0B02720	W0T9E2	KLMA_20256	7.315175885	7.32107188	7.47333136	7.579708939	7.367099224	7.538080382	6.993075866	7.106884737	6.960434147	7.467800546	7.318606321	7.486338242
KMXK_0F00380	W0TER0	KLMA_60529	7.65563653	7.766438805	7.790066052	7.616155502	7.772638857	7.676797752	7.855466408	7.8581039	7.864677617	7.531138956	7.564172544	7.385132964
KMXK_0D01320	W0TDD4	KLMA_40110	7.583684918	7.677262563	7.633089005	7.404567791	7.443591118	7.217760765	7.744856328	7.590407786	7.683258937	7.183595875	7.357648331	7.305269357
KMXK_0G03210	W0THS3	KLMA_80312	7.019180628	7.008156927	7.002862742	7.088456021	7.115254175	7.128022817	7.195343403	7.108467097	7.088399696	7.19984593	7.156776479	7.196481092
KMXK_0E04070	W0TE03	KLMA_50402	7.195376506	7.005775538	7.134148847	7.357791941	7.256238703	7.482338593	7.336181315	7.423643469	7.394674403	7.484010329	7.522722087	7.55951942
KMXK_0A01850	W0T3V0	KLMA_10655	6.906642409	6.844231079	6.947189409	7.543471359	7.329816247	7.37244346	6.59255831	6.93322169	6.878363981	7.225537392	7.230866604	7.492318767
KMXK_0E02140	W0TFJ3	KLMA_50210	7.447788083	7.274319476	7.291463725	7.598826066	7.603008622	7.678762604	7.659366734	7.74567082	7.642341441	7.566723978	7.547080589	7.668438111
KMXK_0F00560	W0TI65	KLMA_60508	7.007903604	7.139539416	7.004012444	6.755493466	6.791878688	6.580476	7.044292194	7.009792855	6.993935676	6.68201358	6.916820832	6.781924222
KMXK_0C05220	W0TCK9	KLMA_30529	7.267811401	7.499714966	7.48347515	7.189822991	7.241715164	7.314451024	6.944181758	6.860815669	7.006035858	6.919830033	7.17427227	6.95410636
KMXK_0H01260	W0TF43	KLMA_70127	6.788547304	6.643342033	6.66806372	6.990909357	6.940683224	6.944379356	6.835760544	6.655730232	6.701344147	6.7795324	6.820432003	6.732557522
KMXK_0F05120	W0TDD0	KLMA_60064	7.383632552	7.331533699	7.268990836	7.080169819	7.106640013	7.058121707	7.378904099	7.266068303	7.312145666	7.375358418	7.176749156	7.225829731
KMXK_0A05840	W0T4E6	KLMA_10276	7.349892315	7.267163967	7.171265398	7.141774235	7.198762928	7.039266165	7.432986584	7.449931171	7.360992185	7.469853635	7.290717381	7.250149125
KMXK_0A00300	W0T4W1	KLMA_10813	7.116008901	6.990777956	6.997681864	7.247259153	7.28358399	7.30427441	7.277804233	7.370916683	7.280906361	7.274726145	7.214544777	7.353383645
KMXK_0A04590			7.239252377	7.410448084	7.330499618	7.051734699	7.028381814	7.057156857	6.928925881	6.711338368	6.893022095	6.976417549	7.060153568	6.82901647
KMXK_0C02130	W0T9M1	KLMA_30211	6.729830684	6.720171297	6.913643199	7.319402178	7.237109994	7.216435384	6.9945909	7.015837048	7.214017354	7.241758011	7.273246327	7.113190872
KMXK_0H01220	W0TGP2	KLMA_70123	7.215965137	6.893967252	7.01479443	7.507708954	7.467631355	7.476526942	7.406013928	7.466170565	7.282536419	7.439660798	7.387680215	7.335976108
KMXK_0G01870	W0THF0	KLMA_80177	7.306396901	7.175774903	7.125691614	7.550071662	7.499331478	7.547634781	7.478080378	7.574377746	7.493992178	7.695175126	7.47334155	7.498128372
KMXK_0D02270	W0TBM6	KLMA_40202	7.040708246	6.659108588	6.836644766	6.565919702	6.632121842	6.513986272	7.11245529	7.219177601	7.413702494	6.773475595	6.793878299	6.875776798
KMXK_0H04100	W0TFW8	KLMA_70412	6.427088677	6.267172204	6.420052724	6.817576518	6.763731567	6.781317241	6.752281915	6.94803818	6.619399626	6.808746998	6.825810618	6.91983279
KMXK_0C02430	W0T7D5	KLMA_30242	7.060205261	6.888626698	6.942134339	7.262476589	7.26973054	7.35811156	7.114923233	7.230847772	7.09673207	7.165235292	7.167875076	7.177179551
KMXK_0D00630	W0TD80	KLMA_40050	6.852613966	6.70068673	NA	7.439646567	7.116654262	7.409348506	6.845679171	6.530774293	6.319286701	7.298550564	7.155081227	7.212773992
KMXK_0A00550	W0T5T9	KLMA_10786	7.461824554	7.428808566	7.452371023	7.544906657	7.559313611	7.707891133	7.646912409	7.666384106	7.597557765	7.740681682	7.692826991	7.690195608
KMXK_0D05580	W0TAW5	KLMA_40531	7.314701311	7.144069825	7.147745183	7.806963987	7.707124441	7.546815389	7.734913115	7.829703916	7.784916044	7.611072737	7.789477405	8.016091301
KMXK_0B07070	W0TAL8	KLMA_20691	7.439158861	7.434542165	7.359292161	7.158210818	7.206299339	7.054084188	7.157534854	7.136336005	7.14814509	7.285884207	7.099787558	7.172592487
KMXK_0F01580	W0TF55	KLMA_60412	7.223393052	7.334357284	7.238456687	7.811893404	7.834361053	8.029090749	7.082877233	7.016855508	7.292355061	7.610136624	7.807452308	7.298609246
KMXK_0E01500	W0TB23	KLMA_50143	7.204706145	7.280731834	7.294306694	7.168774109	7.291841444	7.438056248	7.082761174	7.192917216	7.247220642	6.516725991	7.0111101	6.914012452
KMXK_0H02960	W0TJ10	KLMA_70296	6.903468664	6.813360554	6.531476119	7.154716178	7.088375139	7.269310419	7.222838156	7.19388789	7.141170449	7.249812544	7.305240649	7.237717314
KMXK_0A06440	W0T4X0	KLMA_10214	6.642581701	6.432153784	6.762722448	7.105295388	6.756598313	7.060116132	6.992390788	7.098961285	6.955033535	7.225519663	7.313952457	7.535346757
KMXK_0H03230	W0TFL4	KLMA_70322	7.520219268	7.700512822	7.554798614	7.325218244	7.386832477	7.537221113	7.266825767	7.241255748	7.364195188	7.181172892	7.265906489	7.176756279
KMXK_0G02810	W0TIB8	KLMA_80270	6.881515831	6.863203168	6.86844421	6.641702212	6.757193663	6.568788183	6.949101919	6.969953537	6.989202613	6.93437186	6.782513522	6.823685023
KMXK_0C01510	W0TBI1	KLMA_30149	7.514593051	7.242043633	7.336637684	7.709518458	7.577705723	7.850575527	7.584299851	7.687709059	7.653198642	7.87586418	7.821139938	7.880924778
KMXK_0A00570	W0T4T2	KLMA_10783	7.606750389	7.638968345	7.698851688	7.515500558	7.418406747	7.667883862	7.535523963	7.522898979	7.528547006	7.383376089	7.245820909	7.32501914
KMXK_0C01500	W0T8S2	KLMA_30148	7.046188634	6.941429324	6.880342946	7.082554373	7.110239345	7.145440401	7.152702709	7.175767639	7.210477464	7.159741203	7.199494716	7.141577456
KMXK_0B05430	W0T855	KLMA_20528	7.053814221	7.231663645	7.144417587	6.917605899	6.967830386	6.743685449	7.116831857	7.012528172	7.006016505	6.818404617	6.758222513	6.742743058
KMXK_0E03700	W0TFY8	KLMA_50365	7.06950011	6.928998705	7.131818312	7.170365608	6.912181605	7.228038516	6.971904157	6.710861852	6.841855386	7.068486236	6.893157342	7.099978996
KMXK_0A00120	W0T4X9	KLMA_10833	7.421529392	7.01635049	7.109657932	6.845603745	6.906017398	6.744299915	6.685638494	6.673735496	6.513098922	6.923933384	6.653239837	6.758072215
KMXK_0H01680	W0TG25	KLMA_70170	6.876840131	6.524893149	6.435563827	6.987716392	7.021696884	6.921904523	7.0885575	7.093006789	7.006758233	7.160669675	7.008776136	7.030236557
KMXK_0F00780	W0TEJ2	KLMA_60484	7.488796733	7.300223765	7.566105283	7.312695618	7.176683935	7.349287689	7.231326194	7.218379747	7.160835999	7.151370402	7.062753332	7.133317451
KMXK_0F05560			7.4147911	7.467252175	7.397786721	7.376970869	7.260597573	7.290822632	7.092159371	6.818776065	7.076483142	7.182672286	7.250096889	7.288329818
KMXK_0H02200	W0TEK0	KLMA_70219	6.80400516	6.97646124	7.015050735	7.212284809	7.163752092	7.218134012	7.110768821	7.249052464	7.140796079	7.261945939	7.22903765	7.383481457
KMXK_0C01370	W0T9G3	KLMA_30136	7.181198194	7.470462473	7.361963413	6.801353447	7.000905684	6.610956923	7.611048216	7.62045229	7.585053721	6.645816164	6.988482504	7.211695202
KMXK_0F00900	W0TFB2	KLMA_60472	6.761448217	7.022398547	6.779365892	7.37858465	7.360191348	7.206764062	7.154253983	7.337713299	7.187066632	7.336642967	7.186916046	7.073362382
KMXK_0C06690	W0T985	KLMA_30670	7.461078454	7.492410064	7.464829887	7.226295528	7.189245959	7.061539117	7.17439948	7.235086205	7.240886227	7.129510296	7.096753035	7.297639302
KMXK_0A03800	W0T7K4	KLMA_10457	7.344357781	7.191200426	7.38064839	7.800005369	7.607643875	7.688051919	7.509487439	7.600692825	7.432395624	7.651517983	7.56013091	7.646201785
KMXK_0C02840	W0T9T6	KLMA_30286	7.318857319	6.964145887	7.093828901	7.364172948	7.154685091	7.196036907	7.060554622	6.96662896	6.968567524	7.360152137	7.20480377	7.360871004
KMXK_0E02060	W0TFI4	KLMA_50200	7.132587448	7.25862165	7.173409339	7.455489944	7.476488892	7.764137326	7.53047653	7.546347046	7.449400439	7.766545849	7.624743941	7.628970641
KMXK_0A06750	W0T2L5	KLMA_10180	7.320274075	7.133065674	7.255536065	7.471200795	7.410780436	7.566355164	7.438283233	7.516600239	7.489239961	7.69541251	7.559309788	7.544749881
KMXK_0A03200			7.68516715	7.557779567	7.657833497	7.800036612	7.869630684	7.974243578	7.867428907	7.954510986	7.878930241	8.030180064	7.919038456	7.893375935
KMXK_0F00490	W0TDW4	KLMA_60516	6.833149498	6.983800893	6.88211744	6.525383648	6.697196981	6.652791731	6.822506894	6.701984763	6.840992864	6.592579821	6.38891065	6.299689982
KMXK_0C00720			7.218744116	7.303433226	7.233121529	7.726674296	7.698758663	7.83558145	7.423874648	7.554365393	7.48918278	7.808502189	7.845289174	7.479755533
KMXK_0B04960	W0T818	KLMA_20483	7.142253244	6.872116471	6.836188512	7.385489291	7.206040272	7.50228586	7.161426331	6.847900826	7.190742525	7.57131046	7.368970742	7.369708407
KMXK_0F05580	W0TE36	KLMA_60022	7.517920256	7.68227368	7.658701983	7.27010408	7.240527492	6.984238354	7.591783032	7.555012284	7.456321273	7.335177687	7.119866071	7.232662213
KMXK_0G01990	W0TK14	KLMA_80188	6.967274633	6.513836747	6.47284208	7.220613795	7.176756539	7.10001626	6.647232714	6.683265901	6.32519193	6.903459159	6.918349899	6.806255133
KMXK_0H03480	W0TJ61	KLMA_70351	6.905844153	6.491920003	6.776688493	7.258711999	7.01085314	7.441752603	7.326685374	7.364362064	7.189277543	7.502012346	7.240686282	7.363476603
KMXK_0A03540	W0T4X6	KLMA_10486	6.793932938	6.741895787	6.780878925	6.499099388	6.716254145	6.582762739	5.956753526	6.232160896	6.409988123	6.44708445	6.425918359	6.533706507
KMXK_0E00410	W0TEZ7	KLMA_50035	7.108597103	6.823882209	6.907679677	7.218017381	7.107251202	7.221515381	7.171809738	7.191241436	7.101306804	7.336588943	7.244736488	7.324543842
KMXK_0A00740	W0T470	KLMA_10765	7.248556938	7.172824891	7.118428614	7.316118802	7.324678689	7.363415428	7.119751378	7.146537788	7.198056485	7.340036746	7.371556947	7.270010957
KMXK_0B02740	W0T517	KLMA_20259	6.647053085	6.647334093	6.907173522	6.876922764	6.862169482	7.137343121	6.987573845	6.914482102	7.011686468	6.972337453	6.939838835	7.07588053
KMXK_0A04730	W0T5C0	KLMA_10389	6.777345771	6.66064879	6.829191716	7.464306429	7.203418499	7.548558416	6.553797885	6.594267877	6.856029196	7.224348219	7.341147608	6.890298049
KMXK_0G03230	W0TGW2	KLMA_80314	NA	6.484324324	6.494800385	6.500112498	6.680365381	NA	6.67141815	6.758063384	6.765549064	NA	6.468298732	6.504611958
KMXK_0D05310	W0TAU2	KLMA_40506	7.054408322	7.219897392	7.11375579	7.545739616	7.546189736	7.470365058	7.351815912	7.522239537	7.376700787	7.70620434	7.618960821	7.350696053
KMXK_0E03010	W0TC15	KLMA_50296	7.560851475	7.454841762	7.425679106	7.22822287	7.332084176	7.070816078	7.311493679	7.195101547	7.278889279	6.715655204	7.089611088	6.869833865
KMXK_0D03600	W0T9R9	KLMA_40338	6.788243458	6.631273858	6.681904118	7.030854847	6.835932791	7.039232915	6.944397787	7.021862669	6.981212217	7.101158939	6.934105329	6.986822549
KMXK_0F05000	W0TEZ4	KLMA_60075	7.668449804	7.79926531	7.791642915	7.497360493	7.398652589	7.146403244	7.416916171	7.431897312	7.381454047	7.206865974	7.249898246	7.378301362
KMXK_0D01910	W0TAX2	KLMA_40164	6.824179259	6.944681812	6.813174593	7.151461845	7.115731197	7.320142726	6.976378721	7.084097184	6.973286126	7.146254374	7.113228659	7.08905737
KMXK_0F04380	W0TF44	KLMA_60130	7.128900636	7.174226732	7.16652212	7.045627954	7.122469733	6.998518047	6.584211604	5.891124611	6.482677605	6.616134502	6.792645498	6.676815847
KMXK_0C00110	W0TB61	KLMA_30009	139	0	0	0	0	0	58	20	14	0	0	4
KMXK_0E00250	W0TCB9	KLMA_50019	7	0	0	54	42	53	46	47	47	44	43	42
KMXK_0D05520	W0TAW0	KLMA_40526	51	57	63	137	111	120	127	157	122	123	142	176
KMXK_0E04920	W0TBW7	KLMA_50488	44	55	53	26	27	11	26	115	94	35	31	10
KMXK_0B03470	W0T5V9	KLMA_20332	133	22	29	15	14	9	80	57	39	16	35	35
KMXK_0H03120	W0TFK1	KLMA_70312	38	37	38	71	76	68	101	132	116	36	85	108
KMXK_0A03230	W0T408	KLMA_10518	6	11	13	18	13	39	1	9	7	45	36	39
KMXK_0C00130	W0T942	KLMA_30011	70	26	30	53	49	65	104	98	107	12	68	66
KMXK_0A03250	W0T504	KLMA_10516	6	30	29	4	9	1	0	0	0	6	20	3
KMXK_0B06330	W0T633	KLMA_20619	47	5	4	47	55	49	27	4	0	30	31	17
KMXK_0E03090	W0TD39	KLMA_50304	61	28	42	94	84	105	72	72	38	93	104	109
KMXK_0B08260	W0TAZ2	KLMA_20811	0	40	33	0	2	2	5	19	26	11	3	2
KMXK_0A02470	W0T7Z3	KLMA_10592	9	6	6	27	19	19	47	32	40	47	31	36
KMXK_0G00680	W0TG93	KLMA_80059	116	124	128	157	158	161	182	191	191	255	218	186
KMXK_0F00940	W0TEH6	KLMA_60469	41	61	58	75	78	84	103	116	96	118	101	125
KMXK_0A03790	W0T3V3	KLMA_10458	11	12	12	30	22	18	35	22	27	72	38	39
KMXK_0A02960	W0T3I1	KLMA_10545	0	0	0	9	9	4	0	4	4	6	14	28
KMXK_0D05180	W0TBW6	KLMA_40494	16	14	10	35	42	40	43	57	31	49	51	47
KMXK_0G03090	W0TGV0	KLMA_80299	0	4	0	19	8	16	18	29	15	28	18	15
KMXK_0D03860	W0TC72	KLMA_40362	0	0	4	21	30	15	12	14	9	3	7	10
KMXK_0F02490	W0THK9	KLMA_60323	0	0	0	0	4	0	10	11	10	0	0	0
KMXK_0B06430	W0T644	KLMA_20629	0	0	0	12	8	10	0	0	0	6	10	0
KMXK_0D01880	W0T9T0	KLMA_40161	2	3	2	12	12	16	17	23	20	27	21	20
KMXK_0E02020	W0TDH9	KLMA_50197	10	10	14	41	44	25	30	53	30	40	44	34
KMXK_0E01130	W0TCJ3	KLMA_50104	14	12	13	30	39	42	38	41	36	47	46	41
KMXK_0C05210	W0T899	KLMA_30527	5	0	0	10	8	14	20	21	15	22	18	17
KMXK_0E01660	W0TBQ4	KLMA_50161	22	47	39	41	53	36	74	77	69	23	28	49
KMXK_0C03840	W0T7T0	KLMA_30387	10	13	16	29	37	36	39	53	42	33	35	41
KMXK_0D02430	W0TDP8	KLMA_40220	4	7	7	9	16	20	10	16	16	54	18	20
KMXK_0C01560	W0T8S6	KLMA_30153	59	56	57	75	77	91	118	103	77	134	103	88
KMXK_0B03480	W0T7N1	KLMA_20333	70	3	4	7	5	6	21	8	17	4	10	7
KMXK_0A05270	W0T4J0	KLMA_10336	28	23	34	62	66	66	52	61	59	68	56	47
KMXK_0A00480	W0T498	KLMA_10795	2	4	2	17	17	18	19	18	19	16	20	16
KMXK_0D02830	W0TB52	KLMA_40259	6	5	4	24	16	19	20	26	17	29	30	17
KMXK_0A03180	W0T7R5	KLMA_10522	0	0	1	10	10	14	6	11	15	12	9	11
KMXK_0E03650	W0TFY3	KLMA_50360	0	6	6	20	14	9	14	33	25	8	23	7
KMXK_0H00920	W0TFW4	KLMA_70095	29	33	26	43	46	45	54	60	51	68	63	68
KMXK_0B03460	W0T9M7	KLMA_20331	55	0	0	5	1	3	23	7	6	6	6	4
KMXK_0C04790			0	0	0	7	6	5	5	4	5	9	11	12
KMXK_0F03550	W0TDT2	KLMA_60219	69	75	83	107	117	95	111	143	124	128	127	104
KMXK_0D05750	W0TAA8	KLMA_40548	0	0	0	6	2	3	9	9	10	13	6	5
KMXK_0D06610	W0TAI1	KLMA_40628	0	0	0	8	2	6	0	0	0	4	3	9
KMXK_0B00510	W0T614	KLMA_20040	2	0	0	14	12	12	4	14	7	11	10	12
KMXK_0G00710	W0TFG9	KLMA_80061	16	15	12	30	34	42	43	40	33	37	42	31
KMXK_0B05260	W0T844	KLMA_20513	8	16	4	19	23	18	3	1	5	8	24	4
KMXK_0E04320	W0TCE4	KLMA_50431	20	16	15	34	31	46	34	27	26	53	44	39
KMXK_0B02340	W0T6J0	KLMA_20220	46	53	55	56	71	69	89	100	86	51	98	105
KMXK_0H03880	W0TFU6	KLMA_70392	0	0	0	0	1	0	6	13	3	0	3	3
KMXK_0C05490	W0T8B2	KLMA_30552	8	11	9	30	23	24	32	37	20	32	31	25
KMXK_0F03040	W0TD46	KLMA_60271	46	56	46	60	68	53	86	101	88	58	71	62
KMXK_0C00570			1	1	2	3	6	5	11	13	8	16	14	10
KMXK_0A02290	W0T3Q1	KLMA_10610	6	11	8	18	21	45	32	28	20	33	15	23
KMXK_0F05420	W0TE50	KLMA_60037	30	32	43	51	55	62	53	53	44	83	80	54
KMXK_0F02690	W0TDZ5	KLMA_60304	4	6	5	9	10	14	18	26	16	29	15	18
KMXK_0E04230	W0TDD2	KLMA_50419	58	91	115	76	87	39	85	90	72	36	54	57
KMXK_0G01200	W0TH90	KLMA_80112	0	0	0	6	5	5	9	7	3	12	6	10
KMXK_0A06740	W0T459	KLMA_10181	9	7	8	27	28	33	21	19	21	24	27	13
KMXK_0B01850	W0T5D1	KLMA_20172	32	28	26	54	52	49	62	64	60	53	52	41
KMXK_0C03060	W0T7K6	KLMA_30312	131	108	103	135	148	127	151	152	143	165	173	184
KMXK_0B00390	W0T505	KLMA_20027	1	4	3	6	9	2	17	18	14	5	5	6
KMXK_0A04610			16	8	7	30	34	24	24	27	22	31	36	25
KMXK_0H02310	W0TG76	KLMA_70230	4	3	4	0	6	0	17	14	10	0	11	17
KMXK_0F03260	W0THE8	KLMA_60248	13	13	5	16	24	18	24	30	26	34	34	26
KMXK_0B01430	W0T598	KLMA_20132	12	17	14	30	27	33	12	6	14	24	40	9
KMXK_0D01560	W0TBF9	KLMA_40132	9	2	2	0	0	0	0	0	0	0	0	0
KMXK_0C06890	W0TD03	KLMA_30684	0	3	3	4	0	7	0	0	0	7	5	12
KMXK_0C02640	W0TBT2	KLMA_30264	79	82	76	101	108	91	130	117	114	134	131	100
KMXK_0A05810	W0T527	KLMA_10279	52	39	49	69	75	50	73	88	82	88	81	70
KMXK_0E03160	W0TC29	KLMA_50311	8	5	6	21	20	22	18	21	19	28	21	20
KMXK_0A02520	W0T7Y5	KLMA_10587	0	0	0	6	12	4	2	0	2	4	7	0
KMXK_0F01840	W0TE87	KLMA_60389	1	2	0	1	4	3	12	14	7	4	3	4
KMXK_0E03080	W0TBE6	KLMA_50303	4	0	0	1	1	2	13	10	7	4	7	6
KMXK_0C06610	W0T8K8	KLMA_30662	0	0	0	3	0	4	0	0	0	6	9	0
KMXK_0B02930	W0T7E5	KLMA_20278	19	14	17	32	34	35	41	41	36	43	38	28
KMXK_0F03070	W0THG5	KLMA_60268	30	20	19	45	45	57	53	29	50	39	51	39
KMXK_0D04130	W0TAI6	KLMA_40391	3	1	2	13	8	12	15	13	8	10	14	16
KMXK_0C01110	W0T7M0	KLMA_30105	17	27	24	25	38	26	42	43	43	42	49	49
KMXK_0C06020	W0T8F1	KLMA_30602	58	65	80	97	103	91	93	95	90	73	128	130
KMXK_0B07870	W0T6I3	KLMA_20774	8	10	9	16	7	12	7	5	6	19	20	26
KMXK_0B04790	W0T804	KLMA_20468	9	6	4	22	17	23	22	22	21	24	15	15
KMXK_0E05440	W0TEF8	KLMA_50547	1	0	0	2	0	0	4	7	6	6	8	4
KMXK_0F00670	W0TFF0	KLMA_60497	16	11	13	27	34	35	21	26	18	38	29	29
KMXK_0C00500	W0T6V5	KLMA_30047	1	3	2	0	0	0	2	10	9	7	4	2
KMXK_0E05880	W0TEK8	KLMA_50592	85	91	87	113	120	117	125	116	106	149	139	119
KMXK_0H02650	W0TGB1	KLMA_70265	17	14	8	21	25	31	31	37	27	35	27	35
KMXK_0G02290	W0TFW7	KLMA_80221	0	0	0	0	0	6	2	3	1	8	8	5
KMXK_0D00970	W0T9L0	KLMA_40081	33	34	28	54	45	60	52	50	47	64	66	56
KMXK_0E01590	W0TCR6	KLMA_50154	19	6	6	19	23	30	23	18	15	30	27	32
KMXK_0E01340	W0TBH2	KLMA_50126	4	5	5	9	14	4	19	22	13	21	14	13
KMXK_0E06170	W0TCX5	KLMA_50621	0	0	1	9	11	4	5	2	10	7	9	8
KMXK_0H01900	W0TEH0	KLMA_70189	0	2	0	5	8	8	0	0	1	3	7	0
KMXK_0F01240	W0TEE2	KLMA_60439	4	4	6	0	0	0	0	0	0	3	3	0
KMXK_0A03690	W0T3V9	KLMA_10468	62	56	71	96	90	85	101	108	95	94	97	91
KMXK_0B07840	W0TAV4	KLMA_20771	13	8	9	28	28	15	12	6	7	20	23	11
KMXK_0F04890	W0TE99	KLMA_60087	34	44	46	45	51	66	69	64	63	84	77	59
KMXK_0B01110	W0T6W1	KLMA_20098	4	16	6	10	16	11	24	19	33	13	23	22
KMXK_0D01520	W0T939	KLMA_40128	5	3	3	0	0	0	0	0	0	0	0	0
KMXK_0A00610	W0T6I7	KLMA_10779	0	1	1	3	3	0	10	11	6	5	3	2
KMXK_0F01350	W0TF72	KLMA_60427	15	7	8	21	24	24	21	10	18	34	26	24
KMXK_0E03550	W0TFX2	KLMA_50350	0	0	0	4	5	6	5	6	6	9	4	6
KMXK_0C04880	W0TAG0	KLMA_30491	15	14	19	36	24	35	19	16	17	36	30	31
KMXK_0F00810	W0TDP7	KLMA_60481	6	4	2	15	6	15	2	0	3	4	8	3
KMXK_0B04090	W0T737	KLMA_20395	1	1	0	0	0	0	7	4	6	4	4	1
KMXK_0E02870	W0TBC7	KLMA_50283	6	3	7	12	11	22	28	16	12	20	18	18
KMXK_0C05770	W0T8D0	KLMA_30577	2	8	5	10	15	5	22	17	20	4	13	13
KMXK_0B07940	W0TAW4	KLMA_20781	46	48	44	69	80	79	78	79	70	28	91	91
KMXK_0C00660	W0T6W9	KLMA_30062	0	0	0	2	4	4	6	5	4	9	6	5
KMXK_0E00450	W0TCD4	KLMA_50039	3	7	7	3	9	3	19	16	13	22	8	12
KMXK_0C07040	W0T8P1	KLMA_30697	7	9	9	14	18	26	29	26	16	30	26	15
KMXK_0D03880	W0TBK2	KLMA_40364	1	3	2	0	0	0	0	0	0	13	0	0
KMXK_0A07730	W0T4F1	KLMA_10079	17	17	18	29	33	32	26	27	26	46	38	36
KMXK_0B03690	W0T5D8	KLMA_20354	12	10	11	16	18	17	23	15	18	38	23	29
KMXK_0C04640	W0TAB9	KLMA_30466	0	2	0	7	9	6	10	9	6	8	6	10
KMXK_0B08130	W0T873	KLMA_20800	15	17	16	24	33	31	39	36	33	38	34	30
KMXK_0A02100	W0T619	KLMA_10629	0	0	0	5	3	2	0	0	0	0	0	0
KMXK_0E02090	W0TB66	KLMA_50203	0	0	0	0	0	0	4	4	2	0	0	0
KMXK_0C06330	W0TCV6	KLMA_30634	62	54	40	90	70	93	79	67	81	64	99	78
KMXK_0B04100	W0T9U3	KLMA_20396	0	0	0	1	3	0	5	6	5	0	0	2
KMXK_0H01730	W0TG27	KLMA_70175	7	8	6	16	18	20	14	21	16	27	28	13
KMXK_0D04930	W0TEG4	KLMA_40470	51	23	34	58	55	68	55	61	63	65	62	58
KMXK_0G01090	W0TFK2	KLMA_80101	1	5	5	17	14	12	9	17	13	8	21	16
KMXK_0H01440	W0TF61	KLMA_70147	0	0	0	2	0	2	11	5	0	8	5	0
KMXK_0B07300	W0T6C1	KLMA_20714	0	0	0	1	2	1	7	4	2	3	5	8
KMXK_0B07830	W0T847	KLMA_20770	0	1	1	0	1	0	6	5	5	0	1	0
KMXK_0E05830	W0TEK4	KLMA_50587	3	2	4	1	4	7	9	16	14	0	13	14
KMXK_0F04170	W0TCT8	KLMA_60151	6	9	4	22	23	12	5	4	13	12	25	4
KMXK_0C00350	W0T8H0	KLMA_30033	10	13	12	19	16	40	34	30	22	33	21	27
KMXK_0G01070	W0TGD1	KLMA_80099	8	5	4	14	15	11	21	18	17	23	15	16
KMXK_0C05920	W0T8E4	KLMA_30592	8	8	6	19	16	15	20	26	19	24	17	21
KMXK_0C06070	W0T8F6	KLMA_30607	0	2	2	7	9	4	8	10	14	3	5	5
KMXK_0G04240	W0TH74	KLMA_80419	0	0	0	4	5	0	0	0	0	5	5	0
KMXK_0B03700	W0T703	KLMA_20355	0	0	0	5	2	5	0	1	0	3	7	1
KMXK_0A08150	W0T4A3	KLMA_10034	7	9	6	19	18	17	5	6	9	19	24	5
KMXK_0E01180	W0TCJ8	KLMA_50109	1	1	0	8	2	5	0	0	0	6	3	0
KMXK_0E01930	W0TB54	KLMA_50188	2	0	0	0	7	4	12	6	7	9	11	0
KMXK_0B02780	W0T7C7	KLMA_20263	35	40	48	58	49	46	59	79	76	36	68	66
KMXK_0B02660	W0T6M3	KLMA_20250	13	12	11	28	32	33	17	27	21	25	26	14
KMXK_0E02930	W0TBD1	KLMA_50288	0	8	5	14	16	18	6	7	10	15	20	5
KMXK_0A00150	W0T4C9	KLMA_10830	11	5	3	9	6	4	1	0	2	23	5	2
KMXK_0G04160	W0TI27	KLMA_80412	1	2	2	8	11	13	9	10	10	8	10	9
KMXK_0B05490	W0T5V4	KLMA_20534	0	0	0	5	6	6	5	5	3	4	6	4
KMXK_0H02790	W0TIZ7	KLMA_70281	23	19	10	28	33	29	34	29	42	36	38	37
KMXK_0A07870	W0T294	KLMA_10065	6	7	7	13	9	16	16	23	16	27	16	18
KMXK_0A04020	W0T3S7	KLMA_10433	3	0	0	5	6	4	0	0	0	5	6	0
KMXK_0H02160	W0TG63	KLMA_70215	2	3	0	8	7	11	9	8	4	18	7	9
KMXK_0C02740	W0T828	KLMA_30275	0	0	0	5	4	3	4	6	6	4	1	0
KMXK_0C00640	W0T7I5	KLMA_30060	0	0	0	3	4	3	0	0	0	4	4	0
KMXK_0A00360	W0T8M0	KLMA_10807	0	0	0	2	3	2	5	6	4	4	5	6
KMXK_0F00420	W0TGA9	KLMA_60525	0	0	0	2	1	2	5	7	3	0	1	1
KMXK_0C05420	W0TAM9	KLMA_30546	13	6	12	17	18	27	27	19	15	32	26	25
KMXK_0B06720	W0T670	KLMA_20659	8	11	8	25	35	14	21	18	20	11	24	9
KMXK_0B01120	W0T4M1	KLMA_20099	0	0	0	0	0	0	0	0	0	0	2	7
KMXK_0D02370			0	4	0	0	4	0	7	13	5	0	5	5
KMXK_0A01420	W0T4L3	KLMA_10698	13	7	10	17	22	16	23	22	17	31	23	27
KMXK_0B05750	W0T875	KLMA_20558	24	25	25	41	43	34	49	45	49	41	43	45
KMXK_0F00520	W0TFI3	KLMA_60512	8	4	9	16	17	18	18	19	15	25	20	19
KMXK_0H01760	W0TGT0	KLMA_70178	0	11	6	8	12	15	18	0	13	11	27	20
KMXK_0B04470	W0T5K5	KLMA_20434	0	0	0	2	5	0	6	5	5	6	5	2
KMXK_0G03510	W0TKF5	KLMA_80343	0	2	2	9	5	6	11	10	7	12	6	9
KMXK_0A05880	W0T734	KLMA_10272	0	0	0	6	0	1	3	7	0	0	0	0
KMXK_0A07140	W0T2G6	KLMA_10140	6	9	3	9	17	7	0	2	3	6	15	2
KMXK_0B02670	W0T9D8	KLMA_20251	5	5	0	6	8	3	0	0	0	6	4	0
KMXK_0C02930	W0T7J1	KLMA_30297	0	0	0	0	1	0	4	5	2	3	3	4
KMXK_0G00760	W0THU7	KLMA_80065	8	12	6	17	18	16	28	24	21	19	23	14
KMXK_0F00600	W0TEN7	KLMA_60504	17	11	9	8	12	9	26	24	19	18	24	21
KMXK_0D06370	W0TB24	KLMA_40606	4	3	3	9	10	7	16	13	13	16	9	10
KMXK_0C01490	W0T753	KLMA_30147	0	1	2	3	4	3	4	9	7	8	9	8
KMXK_0B02840	W0T529	KLMA_20269	3	0	0	6	0	5	9	9	9	4	5	7
KMXK_0H00760	W0TE62	KLMA_70079	0	0	0	4	2	2	4	7	4	3	5	5
KMXK_0G02360	W0TK50	KLMA_80228	0	0	0	3	4	2	0	4	0	7	5	3
KMXK_0B02630	W0T5K3	KLMA_20247	0	0	3	6	5	7	5	10	8	11	8	6
KMXK_0E03060	W0TC20	KLMA_50301	0	0	0	4	3	2	6	6	4	4	0	7
KMXK_0F04880	W0TGZ8	KLMA_60088	2	2	0	4	4	6	0	0	0	5	4	2
KMXK_0D00530	W0TAJ8	KLMA_40039	13	9	6	11	12	19	27	25	22	12	23	16
KMXK_0A05670	W0T4G0	KLMA_10296	10	23	24	10	8	7	4	8	19	31	14	15
KMXK_0H00420	W0TE32	KLMA_70044	42	26	25	63	50	45	45	51	48	32	61	66
KMXK_0B03140	W0T557	KLMA_20299	0	3	2	4	6	7	4	10	8	12	14	6
KMXK_0C00800	W0TBB0	KLMA_30074	1	0	0	6	4	3	8	8	4	5	6	5
KMXK_0E02330	W0TFL2	KLMA_50230	3	4	2	0	0	0	4	3	4	1	0	0
KMXK_0D04640	W0TCE1	KLMA_40442	4	2	4	9	10	14	6	7	3	17	7	13
KMXK_0A01450	W0T415	KLMA_10695	20	11	11	23	25	23	31	38	26	32	30	19
KMXK_0D02350	W0T9Y4	KLMA_40211	2	0	0	4	3	3	9	8	7	3	4	5
KMXK_0C03420	W0T9A8	KLMA_30348	0	0	0	2	0	0	0	0	0	4	2	4
KMXK_0B01130	W0T668	KLMA_20100	0	0	0	2	5	2	4	3	0	0	0	0
KMXK_0C00430	W0T972	KLMA_30041	0	0	0	3	4	2	0	0	0	1	5	1
KMXK_0A07020	W0T2Z0	KLMA_10153	3	0	0	6	4	6	5	5	3	12	6	9
KMXK_0A02920	W0T7U4	KLMA_10547	7	8	6	3	3	1	15	9	6	2	2	4
KMXK_0F03620	W0TDS4	KLMA_60209	3	4	6	8	9	12	18	15	12	16	14	12
KMXK_0C02820	W0TBU7	KLMA_30284	2	2	3	11	7	9	3	3	5	13	13	4
KMXK_0D05140	W0TAS9	KLMA_40491	9	4	4	6	6	14	7	7	7	19	21	11
KMXK_0D02980	W0TBB5	KLMA_40274	5	2	4	8	7	5	13	19	6	18	10	10
KMXK_0D00580	W0TD75	KLMA_40045	0	0	0	0	0	0	3	5	0	0	7	1
KMXK_0A07650	W0T2S0	KLMA_10088	0	0	0	1	0	0	4	7	0	1	0	0
KMXK_0F00860	W0TDP3	KLMA_60476	12	12	12	26	22	24	24	30	24	29	26	26
KMXK_0C00300	W0T8G6	KLMA_30028	0	0	0	6	4	2	2	7	5	4	6	2
KMXK_0A02180	W0T5A6	KLMA_10621	3	5	6	8	10	17	9	6	7	11	16	20
KMXK_0E01920	W0TDG9	KLMA_50187	3	6	5	9	8	7	13	15	13	21	12	12
KMXK_0G00890	W0THW1	KLMA_80080	0	0	1	0	1	1	7	4	4	3	4	4
KMXK_0C00120	W0T7D8	KLMA_30010	12	0	0	0	0	0	3	0	0	0	0	1
KMXK_0E03920	W0TDZ2	KLMA_50387	0	0	0	0	3	2	4	5	2	6	5	3
KMXK_0B05660	W0TA79	KLMA_20551	0	2	2	2	8	2	2	0	2	12	5	6
KMXK_0C07370			0	2	3	10	10	9	5	4	2	4	5	11
KMXK_0B02790	W0T523	KLMA_20264	23	28	29	46	37	48	39	59	47	37	42	49
KMXK_0A04010	W0T5F9	KLMA_10434	9	0	8	20	13	19	13	18	11	14	17	16
KMXK_0G02160	W0TFV3	KLMA_80206	3	3	2	10	14	8	7	10	5	12	11	12
KMXK_0H01820	W0TF91	KLMA_70182	2	2	2	0	5	5	12	11	5	9	6	9
KMXK_0D04650	W0TA15	KLMA_40443	7	12	18	26	32	25	19	25	22	25	34	19
KMXK_0D04360	W0T9Y7	KLMA_40413	3	1	0	6	10	8	8	7	8	7	11	7
KMXK_0H02020	W0TIS9	KLMA_70201	0	0	0	0	0	1	3	3	3	4	2	4
KMXK_0C06820	W0T8M2	KLMA_30677	25	30	23	24	34	22	42	50	44	31	35	28
KMXK_0D05020	W0TBV3	KLMA_40479	33	29	30	49	39	51	43	47	41	68	51	45
KMXK_0G03030	W0TGU4	KLMA_80294	10	7	3	12	15	18	7	1	9	12	18	12
KMXK_0F02730	W0TD76	KLMA_60301	5	3	4	16	8	14	11	11	6	19	13	11
KMXK_0E02660	W0TDN9	KLMA_50262	15	14	15	25	24	34	26	34	34	24	32	26
KMXK_0H00510	W0TE41	KLMA_70054	1	0	0	3	5	8	4	4	5	6	8	4
KMXK_0C05060	W0TAJ7	KLMA_30511	0	0	0	3	3	5	5	4	3	4	6	3
KMXK_0A01170	W0T4N4	KLMA_10723	7	7	5	13	12	14	16	19	9	21	20	16
KMXK_0D01570	W0T944	KLMA_40133	29	17	17	23	18	21	35	43	28	5	20	31
KMXK_0B06450	W0TAF9	KLMA_20631	0	0	0	5	0	2	4	7	2	5	4	3
KMXK_0C04780	W0T8N2	KLMA_30480	2	0	0	5	7	6	8	8	3	7	6	6
KMXK_0G00700	W0THU2	KLMA_80060	5	7	3	21	6	13	8	7	22	13	18	18
KMXK_0C03930	W0TA51	KLMA_30396	0	6	5	0	9	0	12	16	5	6	11	7
KMXK_0A07240	W0T2F8	KLMA_10130	0	0	0	0	5	0	8	6	0	5	0	0
KMXK_0C00740	W0T8K1	KLMA_30068	0	0	0	0	1	1	4	3	4	4	3	2
KMXK_0B00950	W0T6U8	KLMA_20083	0	0	0	0	0	2	2	5	2	0	0	0
KMXK_0C05660			0	0	0	3	0	0	5	5	3	0	3	4
KMXK_0G02920			2	2	0	2	4	4	8	9	7	10	5	6
KMXK_0B03320	W0T9K2	KLMA_20316	0	0	0	3	1	0	0	0	0	3	3	3
KMXK_0F04250	W0TH50	KLMA_60143	0	0	0	0	0	4	0	0	0	8	0	1
KMXK_0H03420	W0TH96	KLMA_70343	0	0	0	4	4	1	0	0	0	0	4	0
KMXK_0G04170	W0TKM4	KLMA_80413	22	30	31	34	50	37	43	48	40	61	53	34
KMXK_0H02420	W0TIW6	KLMA_70241	0	0	0	3	3	3	3	2	3	6	5	3
KMXK_0E03370	W0TBH5	KLMA_50333	6	10	15	6	3	3	12	14	12	21	8	12
KMXK_0G01580	W0TGH6	KLMA_80149	6	2	3	10	11	12	15	4	9	13	14	14
KMXK_0A02700	W0T5V1	KLMA_10569	0	0	0	3	4	1	2	6	6	5	2	1
KMXK_0A02390	W0T3P0	KLMA_10600	0	0	0	2	4	0	3	6	3	0	2	0
KMXK_0A07780	W0T4E7	KLMA_10074	0	0	2	2	1	3	0	0	0	6	2	4
KMXK_0C05530	W0TAN7	KLMA_30556	17	17	24	19	21	14	11	17	9	6	10	7
KMXK_0F01560	W0THU8	KLMA_60413	0	0	0	2	1	4	0	0	0	0	0	0
KMXK_0F03410	W0THD6	KLMA_60233	0	0	0	0	0	0	0	0	0	4	0	3
KMXK_0G02060	W0TFU2	KLMA_80196	0	0	4	7	5	7	0	3	5	10	7	6
KMXK_0G02500	W0TGQ0	KLMA_80239	2	0	0	8	5	4	6	9	5	5	6	5
KMXK_0F03480	W0TD08	KLMA_60226	10	7	6	15	14	25	20	18	19	18	19	17
KMXK_0G02720	W0TG05	KLMA_80261	10	10	16	10	13	9	25	27	19	9	18	19
KMXK_0C00520	W0TB91	KLMA_30049	2	1	1	4	6	2	10	9	7	8	2	6
KMXK_0E00360	W0TB75	KLMA_50031	0	0	0	0	0	0	3	4	1	1	0	0
KMXK_0B00330	W0T6Q3	KLMA_20023	35	13	15	13	15	8	18	25	14	5	10	13
KMXK_0C05480	W0TAN3	KLMA_30551	4	4	6	16	13	8	15	19	11	12	7	10
KMXK_0B00460	W0T609	KLMA_20035	3	5	5	8	8	2	12	17	11	8	9	15
KMXK_0D04660	W0TBS0	KLMA_40444	13	5	4	16	16	26	12	21	16	11	20	17
KMXK_0G02680	W0THL8	KLMA_80257	11	5	4	8	15	6	18	19	18	10	11	13
KMXK_0A05420	W0T2Y2	KLMA_10320	0	0	0	2	0	1	3	3	3	3	5	3
KMXK_0D02880			2	0	0	3	1	2	8	8	3	1	3	2
KMXK_0G00460	W0TFE8	KLMA_80036	0	0	0	4	4	2	1	0	0	2	4	0
KMXK_0D01430	W0TDE4	KLMA_40120	0	1	0	0	0	0	1	4	1	3	4	3
KMXK_0B03090	W0T553	KLMA_20294	7	13	12	18	22	18	22	27	24	24	22	19
KMXK_0C07340	W0TAG2	KLMA_30728	13	0	0	0	0	0	6	2	0	0	3	4
KMXK_0C02010	W0TBL9	KLMA_30199	3	7	9	6	6	3	13	15	14	3	8	6
KMXK_0F00710	W0TI30	KLMA_60493	19	14	19	24	37	19	33	39	31	31	37	21
KMXK_0A01920	W0T4D7	KLMA_10648	0	0	0	0	1	0	5	3	2	1	1	0
KMXK_0F05130	W0TGX6	KLMA_60063	3	0	2	2	5	6	10	8	8	8	6	8
KMXK_0H00240	W0TFQ2	KLMA_70025	1	1	1	4	6	6	6	9	8	5	7	4
KMXK_0E03730			3	5	3	11	12	11	10	18	9	11	13	9
KMXK_0B01410	W0T694	KLMA_20130	2	4	3	7	9	13	11	11	8	2	9	23
KMXK_0E04820	W0TBV9	KLMA_50478	0	0	1	2	0	4	4	6	2	6	4	6
KMXK_0A00680	W0T5S6	KLMA_10771	4	2	3	7	10	6	11	13	10	10	14	7
KMXK_0A03100	W0T519	KLMA_10531	0	0	1	2	1	2	4	6	5	0	1	2
KMXK_0C05610	W0T8C0	KLMA_30562	0	1	0	5	5	2	0	0	1	4	4	0
KMXK_0F04540	W0TH25	KLMA_60118	25	26	22	33	37	19	34	39	39	47	45	36
KMXK_0C04280	W0TA81	KLMA_30431	14	11	10	24	27	20	15	20	18	26	28	20
KMXK_0G02540	W0TK65	KLMA_80243	0	0	1	2	2	6	4	9	3	6	4	4
KMXK_0D03490	W0T9R0	KLMA_40328	0	0	0	2	2	1	1	0	0	4	4	2
KMXK_0B07730	W0T838	KLMA_20760	0	0	0	0	0	3	4	4	3	2	0	0
KMXK_0C03790	W0T7S6	KLMA_30382	4	1	3	8	8	16	7	8	8	6	6	2
KMXK_0C06160	W0T8G4	KLMA_30617	1	0	0	3	5	0	6	5	6	5	3	3
KMXK_0D02480	W0TDQ2	KLMA_40225	0	0	0	0	2	0	0	0	0	4	3	1
KMXK_0F01410	W0TFX4	KLMA_60425	20	20	19	45	31	36	33	22	38	31	35	30
KMXK_0F01280	W0TED6	KLMA_60434	0	0	0	3	2	6	1	2	0	6	0	2
KMXK_0C01620	W0TBI8	KLMA_30159	1	1	1	0	0	0	1	5	2	7	4	0
KMXK_0F04390	W0TGF0	KLMA_60129 KLMA_80119	5	4	4	8	9	6	13	12	7	15	13	14
KMXK_0H03390	W0TGJ2	KLMA_70340	0	0	0	0	1	0	2	0	1	5	2	3
KMXK_0E01440	W0TBJ5	KLMA_10229 KLMA_50136	34	28	26	38	32	29	50	48	44	52	38	42
KMXK_0B07490	W0T6D8	KLMA_20734	7	10	14	6	7	7	12	23	19	2	13	15
KMXK_0C02970	W0T9V1	KLMA_30301	4	5	7	12	11	14	19	16	12	14	10	15
KMXK_0E01220	W0TAV5	KLMA_50113	2	0	4	8	8	4	11	10	8	7	9	6
KMXK_0D01290	W0TBD2	KLMA_40107	4	3	5	5	12	10	14	12	13	13	11	11
KMXK_0E01600	W0TFE7	KLMA_50155	2	2	2	3	0	2	7	11	5	0	2	7
KMXK_0C01400	W0TBH1	KLMA_30139	2	1	1	3	6	13	9	5	4	6	6	10
KMXK_0E02130	W0TCW9	KLMA_50209	0	0	0	0	5	0	5	5	2	4	3	0
KMXK_0A04670	W0T5C5	KLMA_10394	0	0	0	2	0	3	0	0	0	5	2	0
KMXK_0A04500			5	9	5	14	13	20	18	15	14	12	13	21
KMXK_0A02170	W0T823	KLMA_10622	5	3	5	14	13	14	10	7	8	9	12	13
KMXK_0E02400	W0TDL5	KLMA_50237	17	15	15	23	31	22	24	22	28	32	37	26
KMXK_0E02250	W0TBV4	KLMA_50221	0	0	0	3	5	4	3	2	2	1	3	3
KMXK_0E02610	W0TBA6	KLMA_50258	0	0	0	3	0	3	5	2	5	3	1	3
KMXK_0H00330	W0TE22	KLMA_70034	33	16	13	29	24	27	19	13	13	39	27	22
KMXK_0A01770	W0T4F5	KLMA_10663	18	13	10	22	27	21	30	25	31	19	26	20
KMXK_0D03520	W0TAE0	KLMA_40331	1	0	0	0	2	0	3	8	2	3	2	3
KMXK_0B01820	W0T4T1	KLMA_20169	25	26	24	32	37	19	33	39	39	49	44	35
KMXK_0D04950	W0TCG5	KLMA_40472	6	5	10	22	19	14	8	19	6	9	13	10
KMXK_0H03610	W0TGL7	KLMA_70365	0	0	0	0	6	0	0	0	0	0	0	0
KMXK_0G01000	W0TFJ4	KLMA_80091	0	0	0	0	0	0	3	1	2	0	0	0
KMXK_0G02760	W0TIB4	KLMA_80265	0	0	0	0	0	0	1	4	1	0	0	0
KMXK_0C01180	W0T715	KLMA_30112	0	0	0	0	0	0	2	2	2	0	0	0
KMXK_0B02300			0	0	0	0	0	0	0	0	0	3	3	0
KMXK_0B08160	W0T8X2	KLMA_20803	0	0	0	0	0	0	2	3	1	0	0	0
KMXK_0A04130	W0T5E8	KLMA_10424	8	8	5	19	14	14	15	19	20	7	20	16
KMXK_0D05720	W0TEN1	KLMA_40545	0	2	2	3	3	0	4	7	3	8	7	6
KMXK_0G01360	W0THA5	KLMA_80127	0	2	0	0	4	0	1	5	2	8	6	3
KMXK_0B04000	W0T9T5	KLMA_20386	0	0	0	3	0	0	3	4	4	3	1	2
KMXK_0C05200	W0TAL0	KLMA_30526	1	0	0	5	4	4	8	0	6	2	6	5
KMXK_0C01120	W0T9D1	KLMA_30106	3	4	3	13	15	4	12	11	11	5	12	9
KMXK_0B00450	W0T6R0	KLMA_20033	1	0	0	2	4	3	5	5	5	4	4	5
KMXK_0C07140	W0TB17	KLMA_30706	1	1	1	0	7	2	7	7	7	3	5	6
KMXK_0B08020	W0T864	KLMA_20790	0	0	0	2	2	0	1	2	0	5	4	2
KMXK_0D00590	W0T9I4	KLMA_40046	1	0	2	0	0	0	3	5	3	2	1	1
KMXK_0D03280	W0TC25	KLMA_40307	0	0	1	0	2	0	3	6	4	0	5	2
KMXK_0A01370	W0T4L8	KLMA_10703	0	0	0	2	3	0	2	5	4	2	1	0
KMXK_0H01420	W0TG06	KLMA_70145	9	16	10	19	20	7	27	30	16	4	15	22
KMXK_0B04820	W0TA08	KLMA_20471	0	0	0	2	2	2	3	5	2	1	1	0
KMXK_0H01830	W0TGT5	KLMA_70183	0	0	0	0	0	1	5	0	2	0	0	0
KMXK_0C04570	W0TCC0	KLMA_30459	6	7	4	15	16	7	5	3	7	5	19	10
KMXK_0A02160	W0T4B1	KLMA_10623	4	5	3	3	6	8	12	12	11	4	3	6
KMXK_0H04080	W0TGQ6	KLMA_70410	0	0	0	2	2	0	3	2	2	3	4	4
KMXK_0A00600	W0T485	KLMA_10780	0	0	0	0	0	0	0	3	1	3	2	2
KMXK_0C02060	W0TBM3	KLMA_30204	0	4	5	2	0	1	0	0	0	7	0	2
KMXK_0D04150	W0T9W9	KLMA_40393	18	18	21	29	36	22	41	35	30	35	33	25
KMXK_0A06380	W0T2P5	KLMA_10220	4	0	3	7	5	15	6	12	7	10	9	7
KMXK_0C04620	W0TCC4	KLMA_30464	0	0	0	2	0	0	0	1	0	4	0	5
KMXK_0E02190	W0TFJ8	KLMA_50215	9	8	9	8	3	9	10	9	7	20	12	18
KMXK_0B02800	W0T6P0	KLMA_20265	5	8	8	10	16	12	14	28	13	15	15	11
KMXK_0C04080	W0TA66	KLMA_30411	12	5	8	19	17	16	17	22	20	13	13	15
KMXK_0A05460	W0T771	KLMA_10317	8	12	11	17	26	23	19	22	23	17	22	13
KMXK_0F03370	W0TEN0	KLMA_60237	2	0	0	3	5	1	9	6	0	5	7	5
KMXK_0C07020	W0T9A7	KLMA_30695	25	23	25	34	41	41	36	36	34	45	40	40
KMXK_0H03430	W0TEX1	KLMA_70344	6	5	7	9	8	3	14	22	8	7	7	7
KMXK_0C06390	W0T957	KLMA_30640	2	1	1	5	6	11	5	3	2	7	7	3
KMXK_0A01620	W0T4J7	KLMA_10678	0	0	0	0	6	3	2	2	0	0	1	0
KMXK_0E00290	W0TAK6	KLMA_50023	0	1	0	5	6	3	3	2	4	1	8	4
KMXK_0H04260			0	0	0	1	2	0	3	5	2	3	1	3
KMXK_0A07290	W0T2F2	KLMA_10125	0	0	0	0	4	3	1	0	2	6	4	0
KMXK_0E02730	W0TFQ0	KLMA_50270	0	0	0	0	2	1	0	0	0	2	3	2
KMXK_0D01730			0	1	0	0	3	0	4	5	4	0	0	3
KMXK_0E05620	W0TCR7	KLMA_50566	0	0	0	0	3	0	0	0	1	5	2	2
KMXK_0H02780	W0TEQ1	KLMA_70279	0	0	0	3	2	1	4	4	1	5	2	3
KMXK_0B07150	W0T6A6	KLMA_20699	4	6	3	8	9	11	11	17	13	12	9	9
KMXK_0B05110	W0T833	KLMA_20498	9	7	10	13	7	9	15	15	16	25	11	20
KMXK_0F01830	W0TFT3	KLMA_60390	4	0	0	3	9	5	6	6	7	12	7	3
KMXK_0F00330	W0TER4	KLMA_60534	0	0	0	0	0	0	3	4	0	1	1	0
KMXK_0D05650	W0TA98	KLMA_40538	0	0	0	0	0	0	3	4	0	0	2	0
KMXK_0B04370	W0T5J3	KLMA_20424	0	0	0	2	0	0	2	2	3	0	0	0
KMXK_0A02510	W0T474	KLMA_10588	0	0	0	0	2	0	0	0	0	4	3	0
KMXK_0F01510	W0TF60	KLMA_60417	0	0	0	1	0	1	0	0	0	5	1	1
KMXK_0B02550	W0T6L2	KLMA_20240	0	0	0	4	0	3	0	0	0	0	2	0
KMXK_0B07790	W0TAU9	KLMA_20766	0	0	0	2	4	1	0	0	0	1	1	0
KMXK_0B02620	W0T9D3	KLMA_20246	2	4	1	4	3	7	0	3	1	9	6	6
KMXK_0G00270	W0TG62	KLMA_80019	8	13	15	19	11	9	18	9	12	25	17	28
KMXK_0A01050	W0T443	KLMA_10735	1	2	1	6	2	11	2	1	3	8	5	3
KMXK_0C03610	W0T7Q9	KLMA_30367	5	1	3	9	10	5	12	13	8	6	11	9
KMXK_0C00620	W0T8J2	KLMA_30058	0	0	0	0	0	0	0	5	0	2	0	4
KMXK_0A03270	W0T5N8	KLMA_10514	11	16	8	18	23	25	24	19	23	31	22	18
KMXK_0G03900	W0TIN9	KLMA_80385	2	0	3	7	5	1	9	6	5	7	9	8
KMXK_0E03830	W0TBL2	KLMA_50378	0	0	0	0	4	7	3	3	0	1	2	3
KMXK_0G00770	W0TFH3	KLMA_80066	7	9	5	19	14	16	9	7	8	4	9	12
KMXK_0C03010	W0T9V6	KLMA_30306	0	0	0	4	4	2	2	3	3	2	5	1
KMXK_0E02770	W0TD19	KLMA_50274	3	0	5	3	8	0	8	10	9	4	5	0
KMXK_0C02660	W0T7G1	KLMA_30267	6	10	8	17	14	12	7	6	5	16	18	7
KMXK_0B04900	W0T813	KLMA_20478	8	7	10	9	11	15	15	18	19	20	16	19
KMXK_0B07570	W0T6Z2	KLMA_20742	40	36	46	55	53	64	62	66	59	56	60	44
KMXK_0B02830	W0T7D4	KLMA_20268	35	36	35	34	49	33	50	57	58	46	52	35
KMXK_0F00440	W0TI75	KLMA_60523	5	8	9	14	14	11	22	17	14	18	15	15
KMXK_0D03030			0	0	0	0	2	1	3	4	2	3	3	2
KMXK_0C01570	W0TBI3	KLMA_30154	0	1	3	8	5	7	5	1	4	5	8	6
KMXK_0B04770	W0TA03	KLMA_20466	31	22	22	37	34	41	38	41	32	49	37	42
KMXK_0E03190	W0TD47	KLMA_50314	1	0	0	3	3	2	1	0	0	0	0	0
KMXK_0B03740	W0T5E2	KLMA_20359	1	0	0	3	4	6	1	1	1	3	5	0
KMXK_0H02480	W0TGZ2	KLMA_70248	2	2	3	3	10	7	9	10	9	6	8	10
KMXK_0C00180	W0T947	KLMA_30016	22	25	8	27	38	37	41	14	32	18	36	28
KMXK_0F05440	W0TEW0	KLMA_60035	0	1	0	0	3	0	3	6	3	1	1	0
KMXK_0C01080	W0T9C7	KLMA_30101	0	2	0	3	7	0	7	7	4	0	4	5
KMXK_0A03850	W0T4T9	KLMA_10451	3	2	2	6	8	8	8	15	5	10	4	9
KMXK_0B06000	W0T6L0	KLMA_20587	2	7	6	2	2	3	0	0	2	0	2	1
KMXK_0C02950	W0TBW0	KLMA_30299	19	20	19	27	34	33	35	42	23	36	33	29
KMXK_0D03920	W0T9U4	KLMA_40368	5	4	5	9	10	10	14	15	13	10	11	8
KMXK_0D06070	W0TAD4	KLMA_40578	1	0	0	2	1	2	4	4	3	6	3	4
KMXK_0F03610	W0TFA6	KLMA_60210	12	15	12	16	21	21	21	32	25	29	20	20
KMXK_0A02660	W0T460	KLMA_10573	2	2	3	7	7	7	11	10	7	11	5	7
KMXK_0E06260	W0TCY6	KLMA_50631	19	29	21	30	28	24	37	39	43	32	30	27
KMXK_0A01580	W0T8A7	KLMA_10682	12	7	7	18	14	19	17	18	15	20	19	20
KMXK_0C00770	W0T9A1	KLMA_30071	9	7	11	18	14	21	19	20	15	21	15	23
KMXK_0G01880	W0TK04	KLMA_80178	8	6	5	15	11	8	14	10	10	21	16	13
KMXK_0B07190	W0T8L8	KLMA_20703	0	0	0	0	1	1	3	4	2	0	0	2
KMXK_0B01740	W0T943	KLMA_20161	5	2	2	6	6	8	10	11	6	13	10	8
KMXK_0F03290	W0TFD6	KLMA_60245	0	2	2	3	0	0	6	5	5	2	0	2
KMXK_0A02090	W0T3S4	KLMA_10630	0	0	0	2	3	2	1	2	2	5	3	2
KMXK_0A02850	W0T440	KLMA_10553	0	0	0	3	3	4	2	2	2	2	2	3
KMXK_0D03190	W0TAA7	KLMA_40296	0	0	0	0	0	6	2	3	2	5	0	5
KMXK_0D03660	W0TC56	KLMA_40342	3	1	0	3	8	9	5	7	6	6	4	0
KMXK_0F02050	W0TDD1	KLMA_60366	0	0	0	3	3	4	0	4	0	2	2	2
KMXK_0A05330	W0T574	KLMA_10329	0	0	0	0	1	3	2	3	1	0	0	0
KMXK_0F04580	W0TCQ4	KLMA_60116	0	0	0	0	0	4	0	0	0	6	0	0
KMXK_0C06460	W0T8J4	KLMA_30647	0	0	0	0	0	0	3	3	0	1	2	1
KMXK_0C03590	W0T8A2	KLMA_30365	37	38	29	44	52	45	52	20	44	20	29	37
KMXK_0E03910	W0TCA4	KLMA_50386	3	0	0	3	0	1	6	6	4	4	4	4
KMXK_0E00200	W0TAJ4	KLMA_50013	4	3	4	10	8	9	11	11	11	12	9	11
KMXK_0A04060	W0T5F3	KLMA_10429	3	2	5	6	5	3	8	10	12	16	5	5
KMXK_0A05230	W0T4J4	KLMA_10341	28	22	26	28	27	34	36	40	30	53	41	32
KMXK_0A01630	W0T8A1	KLMA_10677	47	33	32	51	43	54	45	40	42	55	57	59
KMXK_0C05750	W0T904	KLMA_30575	2	0	0	4	5	7	3	3	3	6	4	4
KMXK_0D02440	W0T9Z4	KLMA_40221	2	0	0	6	5	1	2	4	3	7	6	4
KMXK_0B03910	W0T9S8	KLMA_20376	2	3	0	3	3	10	5	7	6	14	5	5
KMXK_0G02220	W0THH7	KLMA_80212	0	0	0	4	2	0	2	2	1	2	4	4
KMXK_0D01260	W0T913	KLMA_40103	0	0	0	3	2	0	1	3	2	3	5	2
KMXK_0F04730	W0TCP1	KLMA_60101	6	8	9	0	5	7	3	2	4	1	4	0
KMXK_0A04000	W0T382	KLMA_10435	14	20	16	27	21	29	27	23	21	38	27	29
KMXK_0B06560	W0T8F2	KLMA_20643	4	4	3	10	5	13	5	1	4	13	11	0
KMXK_0A02550	W0T5W6	KLMA_10584	0	0	0	2	0	3	0	0	0	2	3	0
KMXK_0D06270	W0TB15	KLMA_40596	0	0	0	0	0	0	3	2	0	0	0	0
KMXK_0G02320	W0TGP0	KLMA_80224	0	0	0	0	0	0	3	2	0	0	0	0
KMXK_0G03390	W0TG66	KLMA_80331	0	0	0	0	0	0	0	2	3	0	0	0
KMXK_0F04320	W0TCS4	KLMA_60136	0	0	0	2	0	0	1	2	0	3	3	3
KMXK_0H02610	W0TIY0	KLMA_70261	0	1	0	1	3	3	3	3	3	7	4	3
KMXK_0G00230	W0THQ0	KLMA_80015	0	0	0	2	2	0	1	0	0	3	3	2
KMXK_0C00940	W0T8L9	KLMA_30088	1	0	0	2	2	3	5	5	4	3	1	2
KMXK_0D01630	W0TAU8	KLMA_40139	0	0	0	1	3	2	0	1	0	2	3	2
KMXK_0A00410	W0T8L6	KLMA_10802	2	2	2	0	0	0	0	1	0	0	0	0
KMXK_0A02350	W0T5Y9	KLMA_10604	2	1	3	1	0	0	0	0	0	0	0	0
KMXK_0F04900	W0TCM8	KLMA_60086	0	6	0	5	9	3	7	9	9	2	11	8
KMXK_0C01210			39	41	33	45	53	46	46	57	58	56	60	55
KMXK_0E03890	W0TDA2	KLMA_50384	20	17	12	29	24	29	21	11	18	31	21	23
KMXK_0A03880	W0T3U4	KLMA_10448	0	0	0	2	3	3	1	0	0	0	1	2
KMXK_0A05310	W0T4I6	KLMA_10331	4	3	2	9	10	9	13	3	5	8	11	10
KMXK_0D01740	W0TDH6	KLMA_40150	0	4	0	6	5	4	5	7	8	5	5	8
KMXK_0D03480	W0TC43	KLMA_40327	0	0	0	3	4	0	3	3	2	4	3	1
KMXK_0C07190	W0T8Q2	KLMA_30712	8	10	14	24	17	23	30	15	17	11	29	14
KMXK_0B05550	W0T7G9	KLMA_20540	0	2	0	6	4	4	6	4	2	5	3	7
KMXK_0C02940	W0T958	KLMA_30298	0	0	0	1	4	4	5	0	1	2	2	3
KMXK_0G01480	W0TGG7	KLMA_80139	21	29	18	31	34	26	34	40	34	47	32	33
KMXK_0A08240	W0T257	KLMA_10025	0	0	0	4	0	5	2	1	4	2	2	1
KMXK_0E00750	W0TD28	KLMA_50067	1	1	0	3	4	5	6	4	3	1	1	2
KMXK_0F00460	W0TDW9	KLMA_60521	0	0	0	0	0	2	0	0	0	6	0	0
KMXK_0F01450	W0THV6	KLMA_60423	0	0	0	0	2	4	0	0	0	0	2	0
KMXK_0F02070	W0TE61	KLMA_60364	0	0	0	1	1	0	1	4	1	0	0	0
KMXK_0B01790	W0T6D1	KLMA_20165	12	16	15	22	22	15	10	7	12	19	25	13
KMXK_0D03530	W0TC46	KLMA_40332	1	4	3	9	6	0	10	11	7	12	4	6
KMXK_0F04990	W0TCM0	KLMA_60076	0	0	0	1	1	1	3	3	3	1	0	2
KMXK_0A02320	W0T807	KLMA_10607	2	0	0	4	2	4	1	2	2	4	4	7
KMXK_0B04910	W0T5P8	KLMA_20479	8	5	8	8	10	0	15	17	10	11	0	10
KMXK_0E05560	W0TDR9	KLMA_50559	13	16	19	30	24	29	35	23	27	20	37	19
KMXK_0C03810	W0TC41	KLMA_30384	6	11	11	21	14	13	21	21	18	22	16	15
KMXK_0E00950	W0TBD0	KLMA_50086	0	0	0	0	1	2	2	1	2	7	0	2
KMXK_0A07230	W0T3Y1	KLMA_10131	0	2	1	2	4	0	4	7	5	2	2	0
KMXK_0B01610	W0T712	KLMA_20148	4	2	3	8	8	10	8	11	6	15	6	8
KMXK_0E04270	W0TCD9	KLMA_50426	1	0	1	3	4	9	5	3	2	2	6	4
KMXK_0A01110	W0T6E5	KLMA_10729	0	0	0	2	5	1	0	1	2	1	3	3
KMXK_0D02190	W0T9W1	KLMA_40191	15	9	11	17	22	20	15	14	15	23	23	22
KMXK_0A02110	W0T4B5	KLMA_10628	0	0	1	4	4	4	2	1	0	0	4	0
KMXK_0G02490	W0TK60	KLMA_80238	0	1	2	3	4	2	0	0	1	7	4	0
KMXK_0D04670	W0TEE1	KLMA_40445	2	1	1	10	4	2	6	8	4	4	9	6
KMXK_0A03290	W0T7Q5	KLMA_10512	0	0	0	2	2	0	2	5	2	2	0	1
KMXK_0F02820	W0TES6	KLMA_60292	3	6	1	7	6	5	1	0	2	3	4	0
KMXK_0E04960	W0TEA1	KLMA_50492	1	2	2	3	3	3	6	9	7	2	7	4
KMXK_0C01300	W0T730	KLMA_30127	3	0	0	5	5	3	7	5	5	5	5	6
KMXK_0C04870	W0T8P4	KLMA_30490	0	0	0	0	2	3	4	2	3	4	2	0
KMXK_0H00530	W0TIE6	KLMA_70056	16	19	13	32	25	21	24	30	28	33	19	32
KMXK_0E04610	W0TDH2	KLMA_50459	0	1	1	1	4	2	7	4	4	4	4	4
KMXK_0A01000	W0T6F3	KLMA_10739	0	0	0	3	1	1	1	0	0	2	4	1
KMXK_0B06140	W0TAC8	KLMA_20601	0	0	0	0	1	0	0	1	0	2	1	4
KMXK_0G01740	W0TI35	KLMA_80165	4	3	4	12	9	9	6	3	8	7	16	6
KMXK_0F04860	W0TF09	KLMA_60090	5	5	3	2	4	3	8	9	8	13	8	5
KMXK_0E00880	W0TCG8	KLMA_50079	4	3	2	1	2	2	0	0	0	3	0	1
KMXK_0B03920	W0T620	KLMA_20377	0	0	0	3	1	5	0	4	0	1	3	1
KMXK_0A04700	W0T7E2	KLMA_10392	0	0	0	0	0	0	3	0	2	3	0	1
KMXK_0E03240	W0TD51	KLMA_50319	0	0	0	1	1	2	0	0	0	1	4	0
KMXK_0B07240	W0T8M4	KLMA_20708	17	21	21	28	34	34	29	35	24	30	36	33
KMXK_0D00690	W0TD84	KLMA_40055	21	13	14	24	26	30	21	31	22	29	32	25
KMXK_0B04740	W0T7Z9	KLMA_20463	0	0	0	3	0	2	3	3	3	2	3	0
KMXK_0D04170	W0TE95	KLMA_40395	0	0	0	2	2	0	0	4	3	2	3	3
KMXK_0F03420	W0TEM6	KLMA_60232	0	0	0	2	3	1	0	1	0	3	2	1
KMXK_0E03500			0	1	1	3	2	4	1	0	0	6	1	2
KMXK_0F04460	W0TF38	KLMA_60125	0	0	0	0	0	3	2	4	2	2	3	1
KMXK_0A01570	W0T4K1	KLMA_10683	41	32	19	37	49	39	42	27	38	11	40	27
KMXK_0C04850	W0T9Q5	KLMA_30488	3	1	4	7	6	7	7	12	6	7	9	10
KMXK_0G00660	W0TH38	KLMA_80057	1	2	0	4	6	6	3	4	5	6	7	3
KMXK_0B08220			7	5	4	12	11	8	9	14	11	14	14	13
KMXK_0E03020	W0TDS0	KLMA_50297	9	6	7	8	13	13	11	14	10	17	14	20
KMXK_0A07170	W0T6N9	KLMA_10137	0	0	0	1	2	3	2	4	0	5	0	3
KMXK_0F01010	W0TFA2	KLMA_60462	4	4	0	6	11	6	3	0	4	5	7	2
KMXK_0A01790	W0T5E1	KLMA_10661	0	2	0	1	3	0	6	5	3	1	4	2
KMXK_0E05350	W0TCN5	KLMA_50531	0	0	0	4	3	0	0	1	1	0	2	4
KMXK_0H03080	W0TH59	KLMA_70308	0	2	0	0	0	0	3	0	3	2	3	2
KMXK_0E03440	W0TFW5	KLMA_50340	1	0	1	3	3	2	2	3	1	6	7	2
KMXK_0B01210	W0T4N2	KLMA_20109	8	3	4	6	14	12	7	13	6	14	11	14
KMXK_0A07200	W0T4K7	KLMA_10134	1	0	0	2	3	5	3	4	3	4	5	2
KMXK_0D01680	W0TAV3	KLMA_40144	0	1	0	1	2	1	3	4	2	6	3	2
KMXK_0F00160	W0TI98	KLMA_60553	0	4	1	2	7	3	5	6	4	2	0	1
KMXK_0C01390	W0T8R6	KLMA_30138	0	0	0	4	1	3	2	2	0	0	2	4
KMXK_0C04800	W0T9Q0	KLMA_30483	0	0	0	0	1	0	2	3	2	0	2	0
KMXK_0A03530	W0T7M8	KLMA_10487	0	0	0	3	2	2	0	1	0	2	0	0
KMXK_0E01570	W0TBP5	KLMA_50151	0	0	0	2	0	0	0	0	1	1	3	3
KMXK_0B03360	W0T6U3	KLMA_20320	8	5	5	13	13	16	8	12	8	16	15	7
KMXK_0D01310	W0TAR9	KLMA_40109	0	0	1	0	1	0	5	3	1	0	1	1
KMXK_0F01110	W0TF96	KLMA_60452	1	4	4	9	8	3	7	13	9	7	7	9
KMXK_0E01300	W0TD73	KLMA_50122	0	0	0	2	3	2	2	3	2	3	2	1
KMXK_0B00760	W0T6T4	KLMA_20063	0	0	0	0	3	0	0	2	3	3	3	2
KMXK_0F04060	W0TEG3	KLMA_60162	2	3	0	0	0	0	1	1	1	0	0	0
KMXK_0A06140	W0T4Z7	KLMA_10244	0	0	0	0	2	1	0	0	0	5	0	0
KMXK_0D05760	W0TC17	KLMA_40549	0	0	0	2	3	0	1	1	1	0	0	0
KMXK_0F03320	W0TEN4	KLMA_60242	0	0	0	0	0	0	1	2	2	1	0	2
KMXK_0G02880	W0THN8	KLMA_80277	0	0	0	0	0	0	1	1	1	1	2	2
KMXK_0F01640	W0THU3	KLMA_60408	0	0	0	0	0	0	1	3	1	0	2	1
KMXK_0A04970	W0T4L6	KLMA_10366	0	0	0	0	0	0	0	2	1	1	2	2
KMXK_0D06170	W0TCS1	KLMA_40587	0	0	1	4	4	3	3	0	0	2	3	2
KMXK_0E05630	W0TEI1	KLMA_50567	6	2	6	7	9	9	12	13	13	10	5	10
KMXK_0D04000	W0TAH3	KLMA_40376	2	0	0	3	1	1	6	5	3	1	2	2
KMXK_0C07310	W0TD37	KLMA_30724	9	19	13	24	19	18	16	19	20	26	29	22
KMXK_0B03710	W0T9R4	KLMA_20356	26	28	35	43	41	39	44	45	42	40	57	37
KMXK_0C06700	W0TAZ1	KLMA_30671	3	13	6	11	14	16	7	8	10	7	19	18
KMXK_0A00450	W0T8L0	KLMA_10797	0	2	1	0	0	0	2	4	2	0	2	1
KMXK_0C05730	W0TA18	KLMA_30573	5	4	4	12	7	5	15	16	4	4	5	10
KMXK_0G03840	W0TIN4	KLMA_80380	6	2	3	11	10	11	8	9	8	6	7	7
KMXK_0A02670	W0T7W9	KLMA_10572	1	4	3	8	7	10	8	12	1	11	6	7
KMXK_0F03100	W0TFF4	KLMA_60265	0	0	0	0	2	3	0	4	0	3	2	3
KMXK_0H01750	W0TF86	KLMA_70177	0	0	0	0	0	0	2	1	2	0	0	1
KMXK_0F00430	W0TEQ5	KLMA_60524	0	0	0	1	0	0	2	2	1	0	0	0
KMXK_0B07610	W0T6Z9	KLMA_20747	0	0	0	0	0	5	0	0	0	0	0	1
KMXK_0B01490	W0T699	KLMA_20135	0	0	0	2	2	1	0	1	0	0	0	0
KMXK_0B03960	W0T624	KLMA_20382	0	0	0	0	0	0	1	0	0	3	1	1
KMXK_0E04540	W0TBT6	KLMA_50453	0	0	0	0	0	0	0	2	3	1	0	0
KMXK_0G00790	W0TJR0	KLMA_80068	0	0	0	2	1	2	0	0	0	1	0	0
KMXK_0D06020	W0TAD0	KLMA_40573	0	0	0	0	1	0	2	1	2	0	0	0
KMXK_0C07260	W0TD31	KLMA_30719	0	3	2	0	0	0	0	0	0	1	0	0
KMXK_0D02570	W0TB30	KLMA_40234	2	8	5	11	9	6	11	15	13	10	8	11
KMXK_0E04850	W0TCI4	KLMA_50481	1	6	2	12	9	6	8	9	6	8	8	9
KMXK_0C00760	W0T7J3	KLMA_30070	2	3	1	7	11	4	8	4	8	4	10	1
KMXK_0C00510	W0T8I3	KLMA_30048	14	8	9	18	20	15	22	23	17	17	18	16
KMXK_0D03060	W0T9M6	KLMA_40283	2	4	4	6	8	3	14	10	6	11	7	4
KMXK_0C02440	W0T906	KLMA_30243	3	3	1	4	5	6	10	3	9	2	8	13
KMXK_0D03050	W0TC04	KLMA_40282	0	2	2	1	2	0	5	5	4	1	1	2
KMXK_0A01980	W0T5C4	KLMA_10641	0	0	0	2	0	0	2	3	0	4	3	0
KMXK_0B02820	W0T5M6	KLMA_20267	0	0	0	0	2	0	2	4	1	0	2	3
KMXK_0E04900	W0TCI9	KLMA_50486	0	0	0	0	0	0	3	2	0	0	0	2
KMXK_0F02290	W0THM5	KLMA_60343	0	0	0	0	0	0	0	3	2	2	0	0
KMXK_0F05700	W0TCG2	KLMA_60011	2	0	0	0	0	0	0	0	0	3	2	0
KMXK_0C04470	W0TCB1	KLMA_30449	0	1	0	2	2	5	0	0	1	1	3	0
KMXK_0F01650	W0TF50	KLMA_60407	0	0	0	2	3	2	0	3	0	4	0	2
KMXK_0G03990	W0TIQ0	KLMA_80395	6	10	6	11	15	15	14	19	12	14	18	14
KMXK_0A03160	W0T5Q1	KLMA_10524	13	18	13	26	21	27	21	32	23	31	23	16
KMXK_0F01330	W0TED0	KLMA_60429	1	0	2	7	6	2	2	4	4	6	5	4
KMXK_0C01460	W0T7Q3	KLMA_30145	2	0	1	6	2	4	7	5	3	8	4	3
KMXK_0F03950			5	6	8	16	18	8	12	15	10	15	13	12
KMXK_0C00690	W0T7I8	KLMA_30065	6	6	4	9	14	16	11	15	8	12	12	6
KMXK_0D02750	W0TA30	KLMA_40251	2	0	0	4	3	3	4	5	2	6	3	5
KMXK_0B02700	W0T513	KLMA_20254	0	3	0	4	2	4	4	3	3	8	3	6
KMXK_0B06100	W0T8A8	KLMA_20598	4	7	9	11	14	14	14	13	13	20	11	13
KMXK_0G03740	W0TH20	KLMA_80369	8	7	7	15	14	16	19	13	7	16	17	13
KMXK_0B01620	W0T4R4	KLMA_20149	0	0	1	0	0	2	4	3	3	3	1	1
KMXK_0D04410	W0TCC2	KLMA_40417	3	3	3	7	10	8	8	10	5	7	9	10
KMXK_0F01210	W0TF85	KLMA_60442	12	13	14	18	15	20	25	26	21	20	20	22
KMXK_0G01930	W0THF4	KLMA_80182	0	0	0	3	3	0	0	0	2	1	3	2
KMXK_0A03440	W0T7N8	KLMA_10497	0	0	0	2	3	0	0	4	2	3	2	2
KMXK_0F00630	W0TDV4	KLMA_60501	3	0	0	5	6	2	4	4	4	8	6	2
KMXK_0B07760	W0T714	KLMA_20762	0	0	5	4	0	8	7	5	6	10	9	0
KMXK_0G01680	W0TGI5	KLMA_80159	2	9	4	10	14	8	8	11	10	15	15	7
KMXK_0C06080	W0TA48	KLMA_30608	0	3	4	1	1	2	0	0	0	0	1	1
KMXK_0D05940			0	2	0	0	0	0	0	4	0	5	2	0
KMXK_0D03870	W0T9T9	KLMA_40363	0	1	0	0	0	0	1	4	1	0	0	1
KMXK_0F02550	W0TEV0	KLMA_60317	25	26	28	30	40	28	41	47	34	37	41	34
KMXK_0F03330	W0TD21	KLMA_60241	0	0	0	2	4	0	2	4	0	0	4	2
KMXK_0A04850	W0T5B2	KLMA_10379	0	0	0	3	1	2	2	3	1	2	3	1
KMXK_0G02080	W0TK22	KLMA_80198	1	3	0	5	2	7	3	1	1	4	4	6
KMXK_0G02750	W0TGR7	KLMA_80264	2	1	1	5	5	1	3	9	4	6	5	6
KMXK_0B04800	W0T5P0	KLMA_20469	3	2	3	2	0	1	4	6	6	0	3	4
KMXK_0C02030	W0T9L5	KLMA_30201	0	0	3	2	6	2	6	4	4	5	3	7
KMXK_0H03310	W0TGI1	KLMA_70330	0	0	0	2	2	1	2	1	2	3	2	2
KMXK_0H01990	W0TGU8	KLMA_70198	0	0	0	0	4	1	3	2	2	3	2	0
KMXK_0B03600	W0T6Z3	KLMA_20345	0	0	3	0	0	2	2	4	1	0	0	0
KMXK_0H03260	W0TGH5	KLMA_70325	0	1	1	2	3	2	1	1	1	0	0	0
KMXK_0C00170	W0T7E3	KLMA_30015	0	0	0	2	5	0	2	0	0	3	0	0
KMXK_0D04080	W0TE85	KLMA_40385	5	1	2	5	2	4	6	7	5	12	8	4
KMXK_0E00340	W0TAL2	KLMA_50028	5	3	4	4	6	4	9	9	9	3	5	2
KMXK_0C03710	W0TA31	KLMA_30376	0	2	0	2	3	2	4	4	3	6	3	4
KMXK_0A07760	W0T3S5	KLMA_10076	1	1	0	1	1	0	3	4	4	1	4	1
KMXK_0D06000	W0TAZ8	KLMA_40571	8	5	12	10	6	14	9	2	4	14	14	9
KMXK_0B01690	W0T938	KLMA_20156	14	13	12	16	25	25	11	17	13	9	22	9
KMXK_0A02060	W0T4C3	KLMA_10633	5	2	2	4	6	4	4	4	4	6	8	12
KMXK_0D01080	W0TDB2	KLMA_40090	0	0	0	1	1	5	4	0	1	2	1	1
KMXK_0B00890	W0T552	KLMA_20077	0	0	1	0	3	0	1	2	0	2	2	6
KMXK_0E03780	W0TBK8	KLMA_50373	0	1	2	5	2	6	2	0	1	1	3	4
KMXK_0C02960	W0T850	KLMA_30300	0	0	0	1	1	1	2	4	0	3	1	2
KMXK_0E01120	W0TAU5	KLMA_50103	0	0	0	2	1	3	2	3	1	1	0	2
KMXK_0C04140	W0T7W4	KLMA_30417	0	0	0	0	1	0	2	2	1	2	2	1
KMXK_0B03050	W0T6R3	KLMA_20290	0	0	0	1	3	2	1	1	3	1	5	0
KMXK_0C07160	W0TD23	KLMA_30709	21	18	20	26	30	37	28	30	31	30	33	27
KMXK_0B02470	W0T5I4	KLMA_20232	0	3	5	9	4	7	9	11	5	6	6	8
KMXK_0C00470	W0TB87	KLMA_30044	0	0	0	0	2	2	1	0	2	2	1	4
KMXK_0E02100	W0TBU2	KLMA_50206	2	2	3	0	0	0	1	1	1	0	1	3
KMXK_0H04350	W0TGT3	KLMA_70435	4	3	5	6	6	9	8	9	8	9	15	8
KMXK_0B02570	W0T5J7	KLMA_20242	15	16	19	26	16	25	33	27	26	24	17	30
KMXK_0H03690	W0THC5	KLMA_70373	0	0	0	4	0	3	1	2	1	0	1	3
KMXK_0G01100	W0TH80	KLMA_80102	0	0	0	0	1	0	2	1	0	4	0	2
KMXK_0B07410	W0TAQ7	KLMA_20726	0	0	1	0	0	0	1	0	2	4	0	2
KMXK_0B05230	W0T7E1	KLMA_20510	0	3	0	3	4	6	1	0	2	0	6	0
KMXK_0B05900	W0T7K3	KLMA_20575	23	21	17	31	32	26	30	36	31	41	23	27
KMXK_0A04190	W0T5E4	KLMA_10419	0	0	0	1	1	4	2	1	1	4	1	1
KMXK_0D06060	W0TCR0	KLMA_40577	12	15	15	19	22	27	15	21	15	22	29	19
KMXK_0A06580			16	14	12	19	19	25	20	19	19	29	23	23
KMXK_0H00840	W0TIH4	KLMA_70086	3	3	3	4	5	10	3	3	2	5	9	7
KMXK_0A04980	W0T321	KLMA_10365	2	0	2	6	5	2	4	7	5	5	7	4
KMXK_0C02830	W0T836	KLMA_30285	0	1	0	1	2	3	0	0	0	0	0	2
KMXK_0H04440	W0TGX0	KLMA_70445	0	0	1	0	0	0	1	3	2	0	0	2
KMXK_0B07380	W0T8P0	KLMA_20723	0	0	0	0	0	2	1	0	0	2	2	2
KMXK_0G01970	W0TFT2	KLMA_80186	5	10	7	12	14	9	15	18	11	16	14	14
KMXK_0B07590	W0T821	KLMA_20745	2	0	2	7	4	3	4	5	5	10	3	4
KMXK_0A08030	W0T4B9	KLMA_10049	10	17	10	27	16	21	14	13	15	20	19	18
KMXK_0E04870	W0TBW3	KLMA_50483	10	8	12	11	18	10	21	20	17	18	14	13
KMXK_0E00560	W0TF11	KLMA_50050	10	9	7	9	15	11	19	12	21	11	12	10
KMXK_0A00540	W0T8K0	KLMA_10787	0	9	7	3	7	7	8	15	12	11	5	8
KMXK_0B05060	W0T827	KLMA_20493	5	5	8	13	12	10	8	16	10	15	13	12
KMXK_0A05990	W0T2S9	KLMA_10260	3	1	1	4	2	2	0	1	0	7	3	0
KMXK_0E01490	W0TDC9	KLMA_50142	8	6	10	11	12	8	15	19	15	12	13	11
KMXK_0A06780	W0T6V6	KLMA_10177	0	1	1	3	2	1	2	2	4	3	5	5
KMXK_0H03560	W0TEY9	KLMA_70359	0	0	1	1	0	6	2	4	2	4	4	2
KMXK_0G02030	W0TK18	KLMA_80193	3	2	3	8	7	5	5	10	9	5	3	7
KMXK_0E05370	W0TDP6	KLMA_50534	1	2	3	4	5	3	6	10	5	3	4	4
KMXK_0C05510	W0TCN1	KLMA_30554	13	11	9	18	19	12	17	18	16	24	19	19
KMXK_0D05600	W0TA93	KLMA_40533	0	0	3	0	0	0	2	0	3	0	1	5
KMXK_0C01060	W0TBD3	KLMA_30099	64	20	21	22	19	26	31	22	27	26	29	23
KMXK_0B03010	W0T9H5	KLMA_20286	2	0	0	4	5	0	0	4	1	3	6	3
KMXK_0F05610	W0TD95	KLMA_60019	0	0	2	4	2	3	3	0	2	10	2	0
KMXK_0H02710	W0TIY9	KLMA_70271	0	1	0	2	0	0	2	2	0	3	3	3
KMXK_0E06000	W0TDV2	KLMA_50604	0	1	2	5	6	2	3	3	5	0	3	2
KMXK_0A04920	W0T4M0	KLMA_10371	0	2	3	4	4	3	1	0	2	6	3	4
KMXK_0F05040	W0TCL5	KLMA_60071	0	0	0	0	1	4	2	2	0	2	2	2
KMXK_0E05650	W0TDS6	KLMA_50569	7	9	3	9	11	13	11	13	12	18	12	11
KMXK_0D04380	W0TEB4	KLMA_40415	3	0	0	1	0	0	4	5	0	3	1	3
KMXK_0B01350	W0T6Y4	KLMA_20123	1	2	3	2	1	1	0	0	0	0	0	2
KMXK_0H01350	W0TF52	KLMA_70137	0	0	0	1	1	2	3	3	0	1	0	1