GeneName_CENPK	uniprotID_S288c	GeneName_S288C	standard_A	standard_B	standard_C	high_temp_A	high_temp_B	high_temp_C	low_pH_A	low_pH_B	low_pH_C	osmotic_stress_A	osmotic_stress_B	osmotic_stress_C
CENPK1137D_1642	Q02785	YPL058C	0	3	4	0	0	0	30	19	15	0	0	0
CENPK1137D_3311	P53051	YGR287C	0	0	1	0	2	2	1	0	0	14	15	12
CENPK1137D_4363	P39932	YDR536W	0	0	0	0	0	0	0	0	0	8	8	8
CENPK1137D_1521			0	0	0	0	0	0	0	0	0	8	3	4
CENPK1137D_4761	P32528	YBR208C	0	0	0	1	0	0	6	4	5	0	0	0
CENPK1137D_307	Q03516	YMR266W	0	0	0	0	0	0	6	7	0	0	0	0
CENPK1137D_1123	P34231	YKL187C	5	7	7	8	7	5	7	4	9	0	0	0
CENPK1137D_1173	P35999	YKL134C	0	0	0	0	0	0	0	0	0	4	5	3
CENPK1137D_3853	Q07629	YDL218W	5	6	6	6	7	7	6	9	5	0	0	0
CENPK1137D_4754	P09435	YBL075C	96	102	95	101	101	81	100	88	102	66	63	63
CENPK1137D_2448	Q08230	YOL071W	0	0	0	0	6	2	5	5	0	0	0	0
CENPK1137D_2944	P53008	YGL027C	2	8	5	3	3	1	6	3	6	0	0	0
CENPK1137D_5429	P38690	YHR033W	0	0	0	0	0	0	0	0	0	1	4	3
CENPK1137D_288	Q04781	YMR247C	0	0	0	0	0	0	0	0	0	2	3	3
CENPK1137D_1480			0	0	0	0	0	0	0	0	0	1	3	4
CENPK1137D_3314			9	10	15	13	11	10	12	15	15	26	25	23
CENPK1137D_5104	P40582	YIR038C	15	18	17	15	15	14	23	19	20	9	6	7
CENPK1137D_104			3	5	3	5	3	5	3	4	3	0	0	0
CENPK1137D_4338	Q04401	YDR511W	3	4	2	6	3	0	0	0	0	0	1	0
CENPK1137D_1797	Q06096	YPR105C	0	0	0	0	0	0	0	0	0	2	1	4
CENPK1137D_3558	P40088	YER145C	0	0	0	0	0	0	3	0	0	2	2	4
CENPK1137D_230	P05745	YMR194W	31	16	17	11	14	12	12	7	8	13	10	13
CENPK1137D_2120	P01119	YOR101W	0	3	3	5	6	5	0	0	2	3	0	0
CENPK1137D_972	Q86ZR7	YKL033W-A	4	4	6	1	2	0	3	1	2	1	0	0
CENPK1137D_3398	P23337	YFR015C	6	8	8	9	4	7	7	6	4	3	1	0
CENPK1137D_982	P36103	YKL023W	0	0	0	2	5	0	0	0	2	0	0	0
CENPK1137D_1490	P14680	YJL141C	2	1	2	3	2	3	0	0	1	0	0	0
CENPK1137D_2068	Q02792	YOR048C	1	3	2	0	0	0	0	0	0	1	1	2
CENPK1137D_1679	O14455	YPL249C-A	33	16	17	14	14	13	13	9	9	16	12	14
CENPK1137D_3852	Q12335	YDR032C	17	19	20	19	26	22	24	18	21	12	10	11
CENPK1137D_167	P40208	YMR135C	0	2	0	8	3	2	2	4	2	0	2	0
CENPK1137D_5005	P40523	YIL055C	0	1	1	4	5	2	1	0	0	1	1	0
CENPK1137D_1049	P19145	YKR039W	0	0	0	0	0	0	2	3	0	0	0	0
CENPK1137D_2070	Q08347	YOL164W	0	0	0	0	0	0	0	0	0	2	2	1
CENPK1137D_5058	P40557	YIL005W	2	2	2	0	0	0	1	0	0	0	0	0
CENPK1137D_2178	Q12412	YOR161C	0	0	0	0	0	0	0	1	0	2	2	2
CENPK1137D_4802	P38144	YBR245C	7	6	8	4	3	0	4	4	6	3	2	0
CENPK1137D_1352	P47116	YJR059W	2	4	2	2	4	0	1	3	2	7	7	7
CENPK1137D_180	P40218	YMR147W	0	0	0	2	3	1	0	1	1	0	0	0
CENPK1137D_1107 CENPK1137D_5109	P0CH09 P0CH08	YKR094C YIL148W	37	31	29	38	34	30	26	29	24	25	20	16
CENPK1137D_465	P38634	YLR079W	0	0	0	2	4	1	1	0	0	0	0	1
CENPK1137D_86	P38993	YMR058W	0	0	1	0	1	0	0	0	0	3	2	2
CENPK1137D_2344	P33328	YOR327C	0	4	0	0	5	0	0	0	0	0	0	0
CENPK1137D_3188	P10834	YGR222W	0	0	0	2	2	0	0	0	0	1	1	3
CENPK1137D_2572	P42844	YNL310C	1	1	2	2	2	1	0	0	0	0	0	0
CENPK1137D_2760	P32462	YNL280C	3	4	2	3	0	1	2	1	1	0	0	0
CENPK1137D_5132	P32597	YIL126W	2	4	5	0	1	0	2	0	2	1	0	1
CENPK1137D_2912	P53064	YGL244W	1	3	3	1	3	0	0	0	0	3	1	4
CENPK1137D_3804	Q00055	YDL022W	11	11	11	15	16	13	8	9	10	61	60	59
CENPK1137D_1639	P54115	YPL061W	125	113	108	101	100	85	106	98	113	185	200	201
CENPK1137D_5141	P00724	YIL162W	8	10	9	16	14	12	11	10	10	50	46	47
CENPK1137D_2390	P07262	YOR375C	62	57	62	45	42	42	99	99	94	87	89	82
CENPK1137D_3141	P32476	YGR175C	33	32	24	13	18	11	29	19	23	4	4	3
CENPK1137D_2676	P00890	YNR001C	78	84	75	92	96	65	69	74	84	135	141	139
CENPK1137D_4617	P15992	YBR072W	97	88	83	87	80	75	94	84	92	43	43	35
CENPK1137D_5411	P04076	YHR018C	28	30	25	16	18	13	19	17	22	3	3	2
CENPK1137D_3054	P06115	YGR088W	3	6	5	3	2	1	15	14	10	21	23	22
CENPK1137D_3368	P22943	YFL014W	65	72	58	72	70	49	51	55	68	33	22	18
CENPK1137D_673	P31539	YLL026W	132	130	122	131	142	109	118	106	132	76	70	64
CENPK1137D_4319	Q12680	YDL171C	36	40	36	21	25	22	68	58	62	46	50	44
CENPK1137D_3199	P39676	YGR234W	50	53	44	22	20	14	48	45	44	54	54	48
CENPK1137D_1111	P10963	YKR097W	3	6	7	13	11	6	2	1	0	16	18	19
CENPK1137D_5446	P38777	YHR049W	0	0	1	0	1	0	2	2	0	8	12	10
CENPK1137D_3646	P32775	YEL011W	11	17	23	23	22	23	21	19	18	3	4	3
CENPK1137D_5006	P41277	YIL053W	9	10	14	10	14	9	8	8	8	35	28	26
CENPK1137D_1962	P22768	YOL058W	65	70	56	50	45	37	41	49	55	28	23	26
CENPK1137D_1403	P03965	YJR109C	72	68	65	49	44	39	62	55	56	30	31	31
CENPK1137D_1415	P00830	YJR121W	132	119	115	113	113	95	123	112	108	168	168	166
CENPK1137D_1851	P06738	YPR160W	22	27	28	25	25	24	26	29	33	7	6	9
CENPK1137D_3503	P05694	YER091C	200	168	161	126	127	97	154	143	135	135	116	106
CENPK1137D_4663	P33315	YBR117C	24	30	32	33	38	29	35	31	38	66	64	56
CENPK1137D_4473	Q96VH4	YCL026C-B	5	9	7	6	8	4	15	11	11	28	25	18
CENPK1137D_1055	P36139	YKR046C	15	21	14	19	19	14	13	15	17	3	3	2
CENPK1137D_208	P50263	YMR175W	11	11	9	7	7	4	3	6	5	0	0	0
CENPK1137D_4500	P08679	YCR005C	11	14	14	21	23	14	14	17	12	35	33	37
CENPK1137D_746	P09201	YLR377C	5	7	6	10	7	11	3	3	4	0	0	0
CENPK1137D_3469	P40106	YER062C	3	5	7	4	7	4	5	6	6	23	18	14
CENPK1137D_3693	P01098	YDL130W-A	14	17	16	14	21	13	12	10	13	0	8	0
CENPK1137D_3477	Q01217	YER069W	59	63	53	40	46	32	51	47	50	32	26	24
CENPK1137D_4927	P39708	YAL062W	16	16	16	14	14	18	37	40	34	25	20	24
CENPK1137D_4778	P38137	YBR222C	18	14	10	6	10	8	21	14	10	33	24	26
CENPK1137D_1274	P09938	YJL026W	60	57	47	37	40	41	41	37	45	25	24	25
CENPK1137D_2642	P28834	YNL037C	25	30	30	26	28	22	25	23	28	53	46	48
CENPK1137D_20	P25087	YML008C	48	57	51	40	30	29	44	40	39	26	26	21
CENPK1137D_2964	P05030	YGL008C	50	56	51	55	53	47	61	50	55	89	79	84
CENPK1137D_3741	Q07500	YDL085W	8	12	12	14	11	7	9	13	11	1	1	2
CENPK1137D_945	P14540	YKL060C	124	114	114	97	107	75	93	94	136	147	144	133
CENPK1137D_25	P50107	YML004C	3	6	6	3	2	3	5	6	6	15	14	14
CENPK1137D_1876	Q06625	YPR184W	11	13	11	19	18	16	14	12	10	5	4	2
CENPK1137D_4361	Q04432	YDR533C	6	8	7	10	9	9	8	8	7	1	1	0
CENPK1137D_3146	P49723	YGR180C	56	52	48	44	40	31	34	35	31	28	26	23
CENPK1137D_4507	P25613	YCR010C	6	7	7	14	16	10	8	5	5	1	2	3
CENPK1137D_5284	P38840	YHR137W	8	14	12	11	10	10	3	8	7	1	2	2
CENPK1137D_1594	P32589	YPL106C	100	97	87	93	94	64	71	68	87	123	106	117
CENPK1137D_624	P16521	YLR249W	118	111	109	81	73	67	94	85	90	108	105	101
CENPK1137D_2320	P07258	YOR303W	0	2	2	0	0	0	0	0	0	3	5	5
CENPK1137D_289	Q04792	YMR250W	4	7	7	10	12	7	8	4	6	0	2	0
CENPK1137D_1993	Q12068	YOL151W	8	7	9	8	9	5	12	11	12	28	20	15
CENPK1137D_2190	Q12123	YOR173W	14	16	18	25	23	25	27	21	18	10	10	6
CENPK1137D_1	Q03102	YML131W	11	17	14	8	10	9	20	18	19	24	26	26
CENPK1137D_2713	Q3E841	YNR034W-A	8	12	11	14	15	13	15	15	14	6	4	1
CENPK1137D_2980	P16965	YGR008C	5	10	5	7	9	4	4	5	6	0	1	0
CENPK1137D_2662	P53978	YNL014W	39	35	36	32	36	32	32	28	28	18	16	17
CENPK1137D_1157	P36060	YKL150W	35	42	35	26	27	20	38	34	34	53	49	44
CENPK1137D_597	Q05812	YLR219W	6	5	5	11	12	9	6	7	6	2	0	2
CENPK1137D_3890	Q12497	YDR070C	3	8	6	9	9	8	4	4	5	1	1	0
CENPK1137D_232	Q04336	YMR196W	8	10	13	20	18	12	14	17	13	3	5	6
CENPK1137D_1398	P00445	YJR104C	24	36	34	43	47	31	30	30	41	25	19	13
CENPK1137D_808	P07991	YLR438W	27	25	26	29	30	19	22	18	19	10	12	11
CENPK1137D_3299	P04807	YGL253W	49	42	40	35	35	33	36	30	35	54	57	59
CENPK1137D_4858	P38158	YBR299W	10	11	16	13	12	10	12	17	16	27	26	26
CENPK1137D_4929	P39721	YAL049C	0	0	2	6	4	4	5	1	0	0	0	0
CENPK1137D_1941	Q08926	YPL186C	3	2	3	5	7	3	4	5	4	0	0	0
CENPK1137D_442	P32353	YLR056W	7	4	5	2	0	1	6	4	3	0	1	0
CENPK1137D_3977	P14832	YDR155C	50	54	53	70	62	58	50	51	47	39	38	32
CENPK1137D_40	P23585	YMR011W	9	9	7	4	4	5	4	7	5	17	14	13
CENPK1137D_3590	P32643	YER175C	10	12	9	9	8	6	9	7	5	4	1	0
CENPK1137D_225	P49095	YMR189W	13	21	21	8	9	6	14	12	14	8	5	8
CENPK1137D_5285	P38741	YHL024W	8	9	6	12	11	6	10	9	7	3	0	2
CENPK1137D_3886	P33327	YDL215C	23	27	22	31	26	26	17	18	14	13	11	14
CENPK1137D_2402	Q08911	YOR388C	30	38	37	53	45	39	38	34	37	29	23	19
CENPK1137D_1902	Q08969	YPL223C	9	11	9	8	5	4	6	8	3	1	2	1
CENPK1137D_382	P54838	YML070W	22	28	23	24	26	18	19	16	24	40	34	40
CENPK1137D_2071	P50861	YOL143C	8	9	8	11	11	6	8	9	7	20	19	19
CENPK1137D_3094	P53275	YGR127W	1	5	4	5	4	5	4	3	4	0	0	0
CENPK1137D_5153	P40433	YIL107C	3	3	2	6	10	7	1	0	4	2	1	1
CENPK1137D_5118	P40414	YIL138C	4	4	3	15	15	12	9	9	3	7	9	6
CENPK1137D_3802	Q12100	YDL025C	4	5	4	3	3	3	2	2	4	8	14	9
CENPK1137D_5424	P38765	YHR029C	5	7	6	3	4	2	5	2	7	0	1	0
CENPK1137D_2246	Q12363	YOR230W	39	31	24	33	27	28	28	27	31	18	15	14
CENPK1137D_138	Q04438	YMR107W	6	6	7	9	8	9	8	5	6	2	2	0
CENPK1137D_2409	Q08245	YOL109W	32	29	31	42	37	34	38	37	32	21	23	17
CENPK1137D_3353	P43567	YFL030W	17	20	19	16	10	13	21	16	15	27	30	27
CENPK1137D_5199	P23285	YHR057C	1	1	2	0	0	0	5	1	2	0	0	0
CENPK1137D_2623	P04840	YNL055C	65	57	62	72	70	53	51	54	60	49	39	37
CENPK1137D_1527	P41816	YPL171C	4	7	5	4	5	2	14	14	7	5	4	4
CENPK1137D_2945	P00931	YGL026C	55	49	41	26	36	23	35	34	35	39	30	33
CENPK1137D_2104	P18544	YOL140W	31	25	26	22	20	16	25	24	22	12	12	15
CENPK1137D_2677	P32907	YNR002C	8	13	9	7	8	5	9	6	11	1	3	3
CENPK1137D_2258	Q08647	YOR243C	1	3	8	0	0	0	3	1	4	2	1	3
CENPK1137D_2575	P06208	YNL104C	64	74	54	43	51	41	44	44	53	43	38	45
CENPK1137D_3006	P31787	YGR037C	19	21	17	22	15	14	17	17	13	10	7	6
CENPK1137D_1774	P23254	YPR074C	70	72	53	46	44	35	55	50	60	65	59	53
CENPK1137D_269	Q05022	YMR229C	18	28	25	12	12	10	25	22	16	17	13	15
CENPK1137D_2780	P38636	YNL259C	0	0	0	3	2	2	1	3	0	0	0	0
CENPK1137D_136	P37012	YMR105C	20	23	18	40	29	25	30	28	24	20	14	17
CENPK1137D_363	Q04894	YMR318C	20	19	17	13	12	7	23	18	14	26	24	21
CENPK1137D_3610	P39976	YEL071W	18	23	18	19	21	14	23	16	19	35	29	31
CENPK1137D_3268	P33892	YGL195W	10	11	13	9	11	10	22	11	15	20	19	24
CENPK1137D_206			16	19	13	18	15	10	19	20	21	34	26	22
CENPK1137D_3481	P40047	YER073W	27	26	20	17	20	17	18	17	15	12	12	10
CENPK1137D_5173	P40502	YIL087C	2	2	3	3	3	4	3	3	1	0	0	0
CENPK1137D_3701	Q07551	YDL124W	29	32	36	38	42	34	33	31	33	26	21	18
CENPK1137D_1580	Q00776	YPL259C	3	4	2	0	0	0	0	0	2	2	2	1
CENPK1137D_1389	P47137	YJR096W	7	8	6	10	10	9	8	10	7	2	6	0
CENPK1137D_2712	P50278	YNR034W	0	3	2	5	0	3	3	3	3	7	9	6
CENPK1137D_161	P39685	YMR129W	0	1	0	3	0	1	1	3	0	5	4	4
CENPK1137D_4769	P38314	YBR214W	8	10	10	11	12	10	4	4	8	5	4	3
CENPK1137D_3854	Q12117	YDR033W	4	3	4	4	5	3	7	6	3	13	10	8
CENPK1137D_4074	P37304	YDR251W	3	6	2	0	1	0	2	0	0	2	1	0
CENPK1137D_1819	Q06494	YPR127W	12	11	12	17	18	12	17	16	10	8	6	6
CENPK1137D_1697	Q12230	YPL004C	43	39	36	30	38	37	37	36	40	27	25	21
CENPK1137D_1444	P47176	YJR148W	15	15	13	16	16	12	17	16	14	7	6	8
CENPK1137D_4730	P38295	YBR177C	9	13	9	3	5	2	7	9	9	5	4	9
CENPK1137D_71	P54000	YMR039C	3	2	3	5	4	2	2	0	1	5	6	7
CENPK1137D_3475	P40043	YER067W	1	3	3	5	5	5	4	1	0	1	1	0
CENPK1137D_4894	P38167	YBL101C	5	10	7	7	9	7	6	3	3	3	2	2
CENPK1137D_2172	Q99312	YOR155C	2	3	3	0	0	0	1	2	4	2	3	0
CENPK1137D_5323	P38862	YHR171W	0	2	3	3	2	2	3	2	3	0	0	0
CENPK1137D_3979	P13663	YDR158W	33	39	30	29	29	20	20	18	28	23	19	20
CENPK1137D_805	Q07807	YLL013C	3	3	2	0	0	0	1	0	3	0	0	2
CENPK1137D_766	P04039	YLR395C	0	6	4	0	0	3	6	3	0	8	4	6
CENPK1137D_2580	P01120	YNL098C	16	20	19	23	24	20	11	12	16	12	10	15
CENPK1137D_651	Q07824	YLL028W	1	1	2	0	1	0	2	3	2	0	0	0
CENPK1137D_5279	Q9P305	YHR132W-A	2	2	6	7	7	4	3	4	3	2	1	0
CENPK1137D_3166	P42936	YGR201C	1	3	3	0	2	1	1	3	3	0	0	0
CENPK1137D_699	Q06177	YLR327C	11	12	10	9	9	6	9	10	6	4	3	4
CENPK1137D_3294	P13586	YGL167C	4	4	4	0	1	0	2	3	4	4	0	2
CENPK1137D_2180	Q99321	YOR163W	1	2	4	0	2	0	1	0	0	0	0	0
CENPK1137D_145	Q04471	YMR114C	0	0	2	1	4	2	0	0	1	0	0	0
CENPK1137D_1468	P38970	YJL165C	2	0	3	0	1	2	0	0	0	0	0	0
CENPK1137D_5067	P40563	YIR003W	0	0	0	3	3	1	1	2	1	3	2	2
CENPK1137D_1616	P48582	YPL084W	2	2	3	2	2	0	4	0	3	0	0	0
CENPK1137D_3122	P05374	YGR157W	2	3	4	1	1	0	1	3	1	4	6	4
CENPK1137D_2368	Q08817	YOR353C	0	0	0	0	1	0	0	0	0	1	2	2
CENPK1137D_1837	P49089	YPR145W	27	35	26	22	21	16	22	26	35	18	18	20
CENPK1137D_235	P38427	YML100W	18	29	26	35	41	34	28	29	27	27	23	20
CENPK1137D_4346	P32472	YDR519W	7	6	6	2	4	6	5	4	6	1	2	1
CENPK1137D_4973	P18409	YAL010C	0	1	0	2	1	2	0	0	0	1	2	3
CENPK1137D_3609	P37303	YEL046C	0	3	2	0	0	0	1	0	0	2	2	2
CENPK1137D_769	P35207	YLR398C	0	0	1	0	0	0	0	0	0	2	2	1
CENPK1137D_5202	P38784	YHR060W	0	0	0	0	0	1	1	2	2	0	0	0
CENPK1137D_2511	P53889	YNL168C	0	1	1	3	2	4	4	3	1	0	0	1
CENPK1137D_4669	P36531	YBR122C	4	5	5	1	4	2	0	2	0	2	4	5
CENPK1137D_4353	P32771	YDL168W	4	2	6	8	4	4	4	4	3	10	10	9
CENPK1137D_384	P54839	YML126C	30	27	28	19	17	16	24	23	25	21	17	16
CENPK1137D_1707	Q12031	YPR006C	15	21	13	26	16	19	28	23	23	12	16	13
CENPK1137D_2919	P21147	YGL055W	6	12	8	2	4	2	11	6	5	5	6	6
CENPK1137D_575	P14743	YLR195C	0	0	1	3	0	0	2	1	2	4	4	3
CENPK1137D_1598	Q02884	YPL101W	0	2	0	0	0	0	0	0	0	3	1	1
CENPK1137D_2118	P27810	YOR099W	2	1	2	0	0	0	0	0	0	0	1	1
CENPK1137D_347	P40416	YMR301C	0	1	1	0	0	0	0	0	0	1	3	1
CENPK1137D_1737	P32288	YPR035W	10	13	11	8	6	5	13	15	13	16	16	10
CENPK1137D_3350			0	1	0	2	1	1	1	0	0	3	3	3
CENPK1137D_3215	P53315	YGR248W	2	3	4	5	2	2	3	5	3	0	1	0
CENPK1137D_1214	P05150	YJL088W	19	22	20	16	12	7	19	18	17	13	12	11
CENPK1137D_3391	P43535	YFR009W	6	11	8	3	6	2	4	5	6	11	8	10
CENPK1137D_203			3	3	3	1	2	0	5	2	3	6	7	4
CENPK1137D_583	Q05785	YLR206W	2	5	7	8	8	7	5	5	6	3	1	2
CENPK1137D_2232	Q12032	YOR215C	9	10	8	4	3	3	10	6	9	6	6	3
CENPK1137D_3841	P48015	YDR019C	17	21	20	16	20	15	18	13	17	9	11	9
CENPK1137D_2074	Q08438	YOR054C	1	0	2	4	7	5	3	2	3	4	5	3
CENPK1137D_3139	P53295	YGR173W	4	4	5	1	1	2	5	3	7	6	5	7
CENPK1137D_4633	O43137	YBR085C-A	2	2	1	6	1	4	3	3	2	1	0	0
CENPK1137D_1151	P32454	YKL157W	27	37	35	41	38	32	33	35	38	30	20	21
CENPK1137D_4831	P38349	YBR273C	0	2	5	0	4	0	0	0	2	0	0	0
CENPK1137D_821	P12684	YLR450W	1	1	2	1	0	1	5	4	3	1	1	1
CENPK1137D_3097	P53278	YGR130C	28	41	33	40	40	27	38	34	34	19	32	19
CENPK1137D_2563	P30952	YNL117W	24	24	24	25	27	19	30	23	27	11	17	18
CENPK1137D_625	P39931	YLR250W	3	4	2	4	6	4	4	3	0	0	2	0
CENPK1137D_4932	P39724	YAL046C	0	0	0	1	0	0	1	1	2	2	2	2
CENPK1137D_5437	P34162	YHR041C	0	2	2	0	0	0	2	2	2	0	0	1
CENPK1137D_1108	Q02455	YKR095W	1	3	0	7	2	2	0	2	3	0	0	1
CENPK1137D_397	Q04964	YML058W	1	0	1	2	3	2	1	1	1	0	0	0
CENPK1137D_4926	P35195	YBL001C	4	4	6	2	6	6	1	2	5	2	1	0
CENPK1137D_2973	P53201	YGR002C	0	1	0	3	2	0	1	1	3	0	0	0
CENPK1137D_1368	P47124	YJR075W	0	0	0	0	1	0	2	1	2	1	2	2
CENPK1137D_2793	P53852	YNL247W	12	15	15	8	8	6	8	10	10	17	9	17
CENPK1137D_4047	P02293	YDR224C	36	28	24	25	30	22	26	27	22	19	15	18
CENPK1137D_5234	P38804	YHR087W	3	7	7	12	9	11	13	10	13	10	8	2
CENPK1137D_44	P54781	YMR015C	7	8	7	4	2	1	8	6	7	5	6	6
CENPK1137D_3678			2	6	2	9	10	5	4	6	8	4	4	1
CENPK1137D_3209	P53311	YGR243W	1	1	2	2	4	1	1	1	2	5	5	5
CENPK1137D_3160	P46948	YGR195W	0	3	0	0	1	0	3	4	3	0	4	2
CENPK1137D_3489	P40052	YER079W	0	0	0	3	3	0	1	1	1	0	1	0
CENPK1137D_2539	P53909	YNL141W	0	1	2	0	0	0	3	1	2	1	0	0
CENPK1137D_1084	P36154	YKR074W	4	0	0	5	0	1	3	2	1	0	0	0
CENPK1137D_4549	P38212	YBR005W	0	1	1	1	2	2	4	2	0	0	0	0
CENPK1137D_1205	P40858	YJL096W	3	2	1	0	2	0	0	0	0	3	0	2
CENPK1137D_2131	P41696	YOR113W	0	0	1	2	2	2	1	0	1	0	0	0
CENPK1137D_4060	Q03778	YDR236C	1	3	2	1	0	1	0	0	1	0	0	0
CENPK1137D_633	P27472	YLR258W	8	10	12	14	13	10	15	11	13	6	8	4
CENPK1137D_899	P14904	YKL103C	16	20	18	13	18	13	14	13	13	10	9	8
CENPK1137D_5151	P40483	YIL108W	1	4	3	4	3	2	3	4	3	6	8	8
CENPK1137D_2487	P40168	YNL195C	0	3	2	4	2	0	2	0	3	0	0	0
CENPK1137D_5399	P10614	YHR007C	10	17	15	10	8	6	15	13	11	7	10	6
CENPK1137D_1563	Q03020	YPL135W	1	1	1	1	0	1	0	1	0	4	2	3
CENPK1137D_2476	P40159	YNL208W	13	16	13	22	18	19	17	16	19	11	10	11
CENPK1137D_619	Q01662	YLR244C	6	4	3	1	2	1	5	4	3	2	1	1
CENPK1137D_3512	P38620	YER099C	1	1	0	3	6	4	2	5	2	2	3	3
CENPK1137D_62	Q05050	YMR031C	32	39	29	40	38	30	41	33	45	32	25	21
CENPK1137D_3336	P07283	YFL045C	25	26	28	18	16	13	15	22	23	20	19	15
CENPK1137D_3	P02407	YML024W	41	35	25	21	31	19	21	21	25	24	22	25
CENPK1137D_4292	Q03305	YDR465C	1	2	2	0	0	0	0	1	2	2	1	3
CENPK1137D_1913	Q12211	YPL212C	4	8	7	5	3	1	5	4	7	2	1	3
CENPK1137D_4080	P15202	YDR256C	33	33	27	24	33	24	27	24	25	22	18	17
CENPK1137D_3279	P53101	YGL184C	7	10	9	6	4	5	6	5	4	3	3	3
CENPK1137D_494	Q12019	YLR106C	0	0	1	3	1	0	4	2	0	0	4	6
CENPK1137D_5026	P15790	YIL035C	0	3	1	0	0	1	0	0	0	1	1	3
CENPK1137D_3305	P22855	YGL156W	26	33	28	30	24	23	27	23	24	25	15	13
CENPK1137D_455	P25039	YLR069C	9	7	5	13	12	10	9	7	6	4	5	6
CENPK1137D_2372	Q08822	YOR356W	15	16	13	7	9	6	12	8	8	13	7	6
CENPK1137D_1466	P08524	YJL167W	26	29	29	19	19	18	20	23	22	18	19	16
CENPK1137D_4055			0	0	0	1	0	1	1	1	0	2	2	2
CENPK1137D_2890	P53063	YGL246C	0	2	0	0	0	0	0	2	0	2	2	2
CENPK1137D_4208	P48570	YDL182W	31	38	28	29	34	22	25	23	26	41	34	37
CENPK1137D_5219	P38737	YHL030W	2	3	3	3	1	2	7	9	3	5	3	5
CENPK1137D_2542	P27929	YNL137C	3	8	3	3	0	1	0	2	2	4	3	2
CENPK1137D_80	Q04660	YMR049C	10	9	14	8	4	4	14	11	10	10	9	8
CENPK1137D_2661	P0CT04	YNL015W	14	18	15	25	21	14	22	14	17	15	10	8
CENPK1137D_1178	P36006	YKL129C	2	3	2	4	4	3	5	3	3	2	0	0
CENPK1137D_674	P23776	YLR300W	10	12	11	13	9	7	7	6	6	10	16	15
CENPK1137D_4405	P25631	YCR051W	11	14	14	11	10	11	9	6	11	8	5	5
CENPK1137D_4516	P25619	YCR021C	1	4	1	1	2	1	1	1	1	0	0	0
CENPK1137D_1399	P47143	YJR105W	33	37	34	38	30	29	28	31	29	26	22	20
CENPK1137D_3443	P40029	YER042W	9	12	12	13	7	10	11	10	10	7	3	5
CENPK1137D_3653	P33767	YEL002C	6	7	9	3	6	3	10	11	5	5	4	3
CENPK1137D_4400	P25375	YCL057W	13	12	11	14	8	6	15	13	8	18	18	17
CENPK1137D_3856	P14843	YDR035W	21	28	26	21	21	14	19	21	20	16	14	14
CENPK1137D_5249	P38715	YHR104W	9	16	12	16	19	13	14	12	14	21	24	18
CENPK1137D_1581	P24784	YPL119C	3	5	8	5	10	6	6	2	3	2	2	3
CENPK1137D_3367	P35191	YFL016C	7	8	11	12	15	8	2	4	9	8	8	10
CENPK1137D_3171	P42938	YGR205W	4	5	7	7	6	5	3	1	5	4	2	0
CENPK1137D_1505	P08018	YJL128C	1	2	1	1	0	1	3	2	3	5	3	3
CENPK1137D_2669	P41318	YNL006W	0	0	1	0	0	0	0	0	1	0	2	3
CENPK1137D_3636	P39994	YEL020C	0	1	0	0	1	0	0	0	0	3	1	1
CENPK1137D_1958			1	0	0	1	0	0	3	2	0	0	0	0
CENPK1137D_4996	P35845	YAR042W	2	4	4	4	6	8	2	2	5	2	2	1
CENPK1137D_134	P18961	YMR104C	2	5	4	7	7	4	3	2	4	1	2	2
CENPK1137D_4940	P06182	YAL039C	1	4	0	1	3	1	1	1	2	0	0	0
CENPK1137D_2549	P26754	YNL312W	2	2	3	2	4	3	2	2	2	8	5	5
CENPK1137D_3125	P27476	YGR159C	20	18	22	17	12	10	19	16	22	28	19	20
CENPK1137D_3565	Q01477	YER151C	2	5	3	2	2	4	5	4	4	6	10	6
CENPK1137D_3403	P43601	YFR021W	1	2	2	1	1	1	0	0	0	1	0	0
CENPK1137D_3940	Q04602	YDR119W	1	2	2	0	1	0	0	1	2	0	0	0
CENPK1137D_5442	P38775	YHR045W	0	1	0	0	0	0	2	1	0	0	2	3
CENPK1137D_4417	P25365	YCR067C	0	0	1	1	2	2	1	2	0	0	0	0
CENPK1137D_4236	P04161	YDR408C	4	3	3	3	3	5	3	3	3	0	2	0
CENPK1137D_1620	Q12672	YPL079W	25	19	17	10	15	10	14	12	15	17	15	17
CENPK1137D_3361			2	3	4	2	1	1	3	3	2	5	6	5
CENPK1137D_2897	P20447	YGL078C	5	4	4	2	2	2	7	6	6	4	4	1
CENPK1137D_1220	P47031	YJL082W	5	2	3	8	8	2	2	2	2	3	2	2
CENPK1137D_2119	Q12289	YOR100C	1	2	2	3	5	5	2	0	2	3	5	4
CENPK1137D_3805	Q12008	YDL021W	0	1	2	4	3	3	0	2	0	1	0	2
CENPK1137D_5444	P37898	YHR047C	10	17	18	13	14	14	14	14	14	7	7	10
CENPK1137D_290	Q04493	YML094W	0	0	0	1	0	0	2	0	0	2	2	1
CENPK1137D_4072	Q03786	YDR248C	0	2	3	0	0	0	2	0	0	1	0	0
CENPK1137D_1397	P38627	YJR103W	4	6	9	12	9	12	6	8	9	7	5	3
CENPK1137D_3870	Q99288	YDR051C	1	3	0	0	0	0	2	1	2	2	0	0
CENPK1137D_3614	P32621	YEL042W	3	2	0	0	0	0	2	2	0	2	0	0
CENPK1137D_1805	Q06106	YPR112C	1	1	2	0	0	0	0	0	2	3	2	0
CENPK1137D_2789	P53617	YNL251C	5	4	4	4	3	4	3	2	6	0	0	3
CENPK1137D_447	P05749	YLR061W	14	11	11	7	5	5	8	9	5	7	7	9
CENPK1137D_3974	Q03768	YDR152W	0	0	0	2	0	3	3	1	0	0	2	2
CENPK1137D_5287	P13130	YHR139C	1	2	2	2	1	1	3	0	1	0	0	0
CENPK1137D_1077	P36148	YKR067W	10	13	11	12	12	11	16	12	10	7	4	8
CENPK1137D_4052	Q04934	YDR229W	1	6	4	3	4	2	2	1	3	0	0	2
CENPK1137D_259	P24521	YMR220W	6	10	8	5	7	6	2	5	2	4	5	5
CENPK1137D_418	P15274	YML035C	0	4	3	7	4	1	3	0	0	3	4	5
CENPK1137D_3068	P53075	YGL228W	3	6	6	6	11	6	3	3	3	2	5	4
CENPK1137D_4890	P38066	YBL033C	4	2	2	1	0	1	1	0	0	1	1	1
CENPK1137D_2305	Q12012	YOR289W	0	3	3	3	3	3	3	1	2	0	1	0
CENPK1137D_2153	P28241	YOR136W	16	16	17	18	14	13	16	15	13	24	21	24
CENPK1137D_4822	P37292	YBR263W	18	29	23	18	17	15	21	18	21	20	9	14
CENPK1137D_378	P38911	YML074C	11	11	8	5	4	7	11	6	7	12	14	8
CENPK1137D_4601	P38081	YBR056W	9	9	10	9	11	11	10	7	8	5	6	3
CENPK1137D_1688	Q12754	YPL012W	5	7	7	4	2	3	8	8	8	6	3	7
CENPK1137D_4815	P38145	YBR256C	9	9	4	6	7	5	4	4	3	4	3	2
CENPK1137D_3689	P23594	YDL134C	1	3	1	1	1	2	0	2	1	0	0	0
CENPK1137D_3310	P32451	YGR286C	3	4	4	1	1	1	1	2	3	6	3	3
CENPK1137D_2199	Q12446	YOR181W	0	0	3	0	2	2	2	1	2	0	0	0
CENPK1137D_894	P34251	YKL107W	0	2	1	1	4	0	2	1	1	0	0	0
CENPK1137D_4925	P02294	YBL002W	41	32	27	28	35	26	27	29	26	23	19	24
CENPK1137D_3710	P48365	YDL234C	2	4	3	4	1	0	2	2	1	1	0	0
CENPK1137D_2801	Q01532	YNL239W	23	27	23	27	27	21	20	16	20	17	17	16
CENPK1137D_372	Q03629	YML079W	5	4	5	6	3	4	5	4	4	4	0	0
CENPK1137D_1233	P40363	YJL068C	2	4	2	6	6	3	3	2	2	2	1	1
CENPK1137D_4660	P14922	YBR112C	2	4	7	8	10	6	12	12	6	8	6	6
CENPK1137D_1726	P32795	YPR024W	3	4	5	6	5	6	5	6	5	10	9	9
CENPK1137D_4625	P18759	YBR080C	4	8	7	11	8	9	8	9	9	12	13	14
CENPK1137D_4280	P15454	YDR454C	17	12	11	12	11	11	7	10	12	9	5	6
CENPK1137D_5294	P38845	YHR146W	10	9	8	11	11	9	9	9	8	5	5	4
CENPK1137D_3684	P08456	YER026C	2	2	2	1	1	0	1	1	1	2	3	5
CENPK1137D_1727	P48016	YPR026W	0	2	1	4	4	4	1	1	2	3	2	2
CENPK1137D_4224	Q04175	YDR395W	0	0	2	3	2	2	3	2	0	5	3	3
CENPK1137D_3752	P0C2H8	YDL075W	32	25	20	17	17	14	23	18	18	20	19	18
CENPK1137D_2792	Q01080	YNL248C	7	5	8	4	2	2	6	7	6	5	9	6
CENPK1137D_4433	P25582	YCL054W	0	0	0	0	0	2	1	2	2	0	0	3
CENPK1137D_3468	P39525	YER061C	1	1	1	2	2	1	0	0	0	2	0	0
CENPK1137D_1886	Q06592	YPR193C	1	0	2	0	0	0	2	1	2	0	1	1
CENPK1137D_1828	Q01454	YPR135W	1	1	3	1	0	1	0	2	1	0	0	0
CENPK1137D_3568	P39952	YER154W	0	0	0	2	0	0	1	2	0	1	3	1
CENPK1137D_2142	Q01476	YOR124C	0	2	3	0	0	0	0	0	2	1	1	1
CENPK1137D_4239	Q12743	YDR411C	3	5	5	2	3	2	3	0	3	1	1	1
CENPK1137D_2502	P53879	YNL180C	3	7	5	4	5	3	4	4	7	7	9	11
CENPK1137D_2105	Q12466	YOR086C	6	8	8	4	5	4	7	9	6	2	3	5
CENPK1137D_1935	P38996	YPL190C	7	8	10	17	10	9	13	10	9	7	4	7
CENPK1137D_1138	P36049	YKL172W	7	9	8	5	6	4	10	6	6	12	10	11
CENPK1137D_700	Q06178	YLR328W	3	2	2	3	6	2	5	2	4	7	5	8
CENPK1137D_3830	P40317	YDR006C	1	1	0	2	3	0	0	1	1	0	0	0
CENPK1137D_5262	P38824	YHR116W	0	1	1	2	3	0	0	0	0	1	1	0
CENPK1137D_557	P14306	YLR178C	24	22	20	22	20	18	19	18	19	16	11	13
CENPK1137D_505	Q12354	YLR118C	1	1	1	0	0	0	0	1	2	2	1	2
CENPK1137D_4742	Q02753	YBR191W	25	22	19	14	17	10	12	13	21	20	17	19
CENPK1137D_882	Q07979	YLR033W	2	8	6	1	1	3	3	2	2	3	1	5
CENPK1137D_810	P36517	YLR439W	3	2	2	0	3	0	5	3	5	4	2	3
CENPK1137D_2981	P40357	YGR009C	1	2	1	2	2	0	3	6	3	3	4	3
CENPK1137D_4183	Q06336	YDR358W	4	5	7	6	5	5	6	5	6	3	1	2
CENPK1137D_5143	P07172	YIL116W	13	15	15	8	9	5	10	13	10	11	10	12
CENPK1137D_1564	Q03028	YPL134C	3	4	6	6	7	4	8	4	6	9	11	9
CENPK1137D_2643	P53615	YNL036W	6	5	6	4	4	3	4	3	4	2	1	2
CENPK1137D_5166	P40495	YIL094C	27	36	34	26	31	23	22	21	21	29	25	26
CENPK1137D_1016	Q02204	YKR006C	5	6	5	4	3	2	2	1	2	4	4	5
CENPK1137D_4951	P31109	YAL030W	0	0	3	2	3	3	1	0	2	1	0	0
CENPK1137D_4719	P20049	YBR166C	1	2	2	1	0	0	2	1	0	3	2	3
CENPK1137D_2820			19	17	18	16	16	14	22	18	14	13	11	9
CENPK1137D_114	P07246	YMR083W	17	24	21	24	30	19	15	17	16	23	24	25
CENPK1137D_3867	P32347	YDR047W	2	4	2	0	1	0	0	1	2	1	2	1
CENPK1137D_2999	P53219	YGR031W	0	2	1	5	2	1	2	0	2	0	1	0
CENPK1137D_377	P12683	YML075C	12	13	10	9	6	8	17	13	11	9	9	8
CENPK1137D_2840	P0CX44 P0CX43	YGL135W YPL220W	24	17	16	13	14	6	15	12	17	16	16	13
CENPK1137D_1742	P38431	YPR041W	13	13	13	8	12	6	11	7	8	13	16	13
CENPK1137D_5355	P38698	YHR201C	3	5	8	3	2	0	2	2	5	5	4	3
CENPK1137D_253	Q03655	YMR215W	0	0	3	5	3	4	2	2	2	2	1	2
CENPK1137D_3766	Q07381	YDL060W	0	5	3	0	1	0	2	1	3	3	0	2
CENPK1137D_2239	Q99297	YOR222W	4	2	4	2	1	1	5	5	4	1	3	3
CENPK1137D_4525	P25623	YCR030C	16	23	22	18	23	14	16	17	17	13	14	10
CENPK1137D_2300	Q12305	YOR285W	28	26	19	22	17	15	26	17	23	16	17	15
CENPK1137D_771	Q06053	YLR401C	2	4	3	0	2	1	4	4	4	2	2	2
CENPK1137D_686	P36523	YLR312W-A	5	4	2	3	0	0	4	2	2	2	1	1
CENPK1137D_1096	P32769	YKR084C	3	4	3	3	1	4	6	2	3	4	8	8
CENPK1137D_2809	P53860	YNL231C	1	1	1	4	3	2	2	0	0	1	1	1
CENPK1137D_3642	P39998	YEL015W	2	2	1	4	4	4	2	1	1	2	1	1
CENPK1137D_770	P35817	YLR399C	3	3	4	3	4	1	3	3	0	0	1	1
CENPK1137D_239	P32352	YMR202W	5	1	2	3	1	2	5	5	0	1	0	1
CENPK1137D_906	P28319	YKL096W	3	2	4	2	3	2	1	1	2	4	3	7
CENPK1137D_5259	P38821	YHR113W	6	9	8	6	10	5	5	4	4	4	3	4
CENPK1137D_3169	P42937	YGR203W	2	4	4	3	3	2	3	1	3	0	1	1
CENPK1137D_898	P14742	YKL104C	16	22	25	25	28	16	20	26	16	14	14	16
CENPK1137D_1163	P36035	YKL217W	17	16	17	16	13	11	14	15	16	6	14	9
CENPK1137D_3355	P43569	YFL028C	6	9	6	7	7	5	2	5	3	4	5	2
CENPK1137D_11	P26570	YML016C	2	2	3	0	2	1	2	1	1	5	3	3
CENPK1137D_609	Q05979	YLR231C	1	4	6	9	9	6	8	7	6	10	6	7
CENPK1137D_694	Q12164	YLL023C	0	1	1	3	2	4	3	2	4	2	2	2
CENPK1137D_2042	Q3E824	YOR020W-A	4	0	2	4	2	3	3	3	3	0	2	0
CENPK1137D_2109	Q12000	YOR091W	0	3	0	3	3	0	0	0	2	4	5	0
CENPK1137D_2150	Q12486	YOR131C	1	2	1	4	3	0	2	0	0	1	0	0
CENPK1137D_4717	P38116	YBR164C	0	1	3	2	3	2	0	1	1	0	0	1
CENPK1137D_2434	Q12292	YOL083W	0	0	2	3	1	3	2	2	0	0	1	0
CENPK1137D_1915	P38688	YPL210C	4	4	7	4	2	1	6	3	1	0	3	2
CENPK1137D_4455	P25573	YCL044C	0	0	3	0	3	3	4	3	3	2	5	4
CENPK1137D_5240	P38695	YHR096C	15	17	12	23	21	19	19	18	13	19	11	10
CENPK1137D_1573	Q02931	YPL126W	0	1	1	2	3	2	2	1	4	3	4	3
CENPK1137D_1572	P53551	YPL127C	4	9	9	6	6	3	6	7	5	3	4	2
CENPK1137D_2937	P27705	YGL035C	0	1	0	1	0	0	1	0	1	2	2	2
CENPK1137D_5390	P38755	YHR001W	9	9	7	5	5	5	11	9	10	9	11	8
CENPK1137D_3671	P39518	YER015W	26	26	19	18	18	17	27	24	21	26	21	33
CENPK1137D_4837	P38351	YBR279W	3	6	4	2	6	6	0	0	5	5	5	4
CENPK1137D_2357	P10964	YOR341W	11	22	17	14	13	11	22	18	17	22	16	22
CENPK1137D_4635	P38251	YBR087W	2	1	0	1	0	0	0	1	0	2	2	2
CENPK1137D_2845	Q01163	YGL129C	4	7	8	2	3	2	6	4	4	6	4	4
CENPK1137D_3393	P43594	YFR011C	4	5	7	5	6	0	4	4	5	8	9	7
CENPK1137D_2141	P38439	YOR123C	3	2	2	6	3	5	5	5	3	8	5	6
CENPK1137D_287	P47912	YMR246W	20	24	22	24	23	22	22	17	16	17	16	13
CENPK1137D_5181	P40509	YIL076W	3	3	5	2	3	2	4	3	2	6	6	6
CENPK1137D_2222	P39744	YOR206W	0	2	0	2	0	0	5	3	0	2	1	0
CENPK1137D_2266	Q08686	YOR251C	7	12	12	12	10	10	11	8	9	5	7	5
CENPK1137D_201	P52593	YML103C	0	0	2	1	1	0	4	2	2	1	3	1
CENPK1137D_2825	P53115	YGL150C	0	1	0	3	0	1	4	2	1	2	2	2
CENPK1137D_3879	Q12176	YDR060W	3	4	0	0	0	1	0	4	2	0	2	2
CENPK1137D_5025	P40535	YIL036W	3	7	8	6	1	1	5	3	5	3	3	2
CENPK1137D_1669	Q03088	YPL032C	5	9	7	6	11	4	5	4	5	5	2	3
CENPK1137D_3241	P53330	YGR275W	2	3	2	1	1	0	0	1	3	2	3	4
CENPK1137D_2507	P53883	YNL175C	3	0	3	2	3	2	6	4	3	3	0	1
CENPK1137D_5314	P38858	YHR163W	11	17	15	13	11	9	8	11	9	11	8	6
CENPK1137D_2508	P53885	YNL173C	7	7	10	16	10	9	14	10	9	9	6	5
CENPK1137D_4180	P07285	YDR354W	9	8	6	4	5	4	6	5	8	4	4	3
CENPK1137D_1181	P12688	YKL126W	6	9	5	3	5	4	4	2	3	6	6	6
CENPK1137D_1260	P43638	YJL042W	0	2	0	3	3	2	2	2	3	1	2	0
CENPK1137D_873	Q01590	YLR026C	1	0	1	3	2	2	0	1	2	3	3	2
CENPK1137D_776	P0C2H9	YLR406C	28	25	20	17	17	14	22	18	17	19	19	18
CENPK1137D_1312	P47089	YJR014W	1	5	0	6	4	4	2	2	1	3	2	3
CENPK1137D_1266	P47057	YJL036W	0	2	2	4	4	4	3	2	4	1	2	2
CENPK1137D_4343	Q04409	YDR516C	14	18	17	19	19	15	12	15	12	21	20	21
CENPK1137D_3753	Q07457	YDL074C	1	1	2	4	2	2	3	3	2	1	1	0
CENPK1137D_3683	P32481	YER025W	17	18	15	13	13	15	12	10	11	19	18	15
CENPK1137D_3411	Q00684	YFR028C	0	0	1	1	2	0	1	1	1	2	2	3
CENPK1137D_725	Q06485	YLR356W	2	3	2	0	1	0	1	0	2	2	1	0
CENPK1137D_3117	P13856	YGR152C	0	0	1	1	1	1	2	1	0	1	3	3
CENPK1137D_3860	Q03201	YDR041W	5	4	4	2	1	2	1	2	2	3	3	3
CENPK1137D_4075	P38988	YDL198C	20	18	18	13	14	17	18	13	19	11	12	12
CENPK1137D_3624	P39986	YEL031W	8	14	9	14	10	9	11	9	11	21	14	13
CENPK1137D_2236	Q12044	YOR220W	3	5	1	4	5	6	5	2	3	2	1	2
CENPK1137D_2281	Q99383	YOL123W	3	4	4	6	7	7	7	6	7	4	4	3
CENPK1137D_4193	Q12458	YDR368W	10	10	11	8	12	9	15	13	9	19	18	10
CENPK1137D_1072	P36145	YKR062W	0	0	1	2	2	1	2	2	1	2	2	3
CENPK1137D_1792	Q06839	YPR097W	0	2	1	0	1	0	1	3	3	1	0	3
CENPK1137D_4998	P39719	YAL053W	1	3	3	2	0	1	2	2	0	0	0	1
CENPK1137D_3661	P40010	YER006W	9	11	7	5	7	3	10	6	8	10	8	11
CENPK1137D_2619	P40991	YNL061W	7	7	9	4	7	3	8	9	8	9	10	9
CENPK1137D_1412	P47154	YJR117W	1	3	4	3	4	3	6	5	6	6	7	4
CENPK1137D_2524	P53897	YNL157W	2	3	1	3	3	0	2	1	0	0	1	0
CENPK1137D_5120	P40462	YIL137C	2	5	5	3	2	2	6	2	3	2	0	2
CENPK1137D_3273	Q00362	YGL190C	3	5	6	4	0	3	2	3	0	0	5	2
CENPK1137D_1859	P18408	YPR167C	3	3	5	1	1	1	2	3	3	3	3	3
CENPK1137D_4910	P32319	YBL017C	0	2	5	1	0	1	2	1	2	2	4	3
CENPK1137D_5254	P38817	YHR108W	6	9	9	6	4	1	6	4	9	7	6	7
CENPK1137D_1583	P15496	YPL117C	12	12	9	8	10	8	9	6	6	7	6	5
CENPK1137D_4002	P37298	YDR178W	6	6	0	11	9	5	9	6	0	10	7	1
CENPK1137D_3505	P38628	YEL058W	4	4	3	2	2	0	5	3	3	4	3	5
CENPK1137D_3643			4	5	4	5	5	5	6	4	5	3	2	1
CENPK1137D_3185	P30822	YGR218W	4	7	7	6	7	4	8	6	4	9	10	11
CENPK1137D_2557	P53920	YNL123W	2	4	5	4	0	0	2	0	3	6	4	0
CENPK1137D_3761	Q07418	YDL065C	1	3	3	7	4	1	3	0	2	3	0	1
CENPK1137D_540	Q07878	YLL040C	2	4	4	3	2	0	3	1	3	7	3	4
CENPK1137D_4524	P32445	YCR028C-A	18	12	18	14	16	10	11	10	12	20	16	16
CENPK1137D_788	Q06697	YLR418C	2	2	2	4	2	3	0	0	2	1	4	2
CENPK1137D_2615	P42847	YNL306W	0	4	3	0	1	0	0	2	2	2	1	1
CENPK1137D_2564	P53924	YNL116W	2	1	1	5	2	0	2	1	1	1	0	0
CENPK1137D_543	P10507	YLR163C	5	4	4	2	5	1	1	1	2	5	2	1
CENPK1137D_4048	P04911	YDR225W	27	15	13	15	15	9	13	12	14	12	14	10
CENPK1137D_4545	P35172	YBR001C	5	2	1	4	3	4	0	0	3	0	3	5
CENPK1137D_1442	P32787	YJR144W	6	9	9	6	5	4	9	8	6	8	3	2
CENPK1137D_1677	P46151	YPL023C	2	7	5	3	3	3	7	6	2	5	10	6
CENPK1137D_718	Q06143	YLR348C	3	5	5	3	3	2	5	5	6	6	7	6
CENPK1137D_4185	Q06338	YDR361C	3	2	4	4	3	3	3	3	4	7	7	5
CENPK1137D_2088	Q92331	YOR069W	1	1	2	3	4	4	4	5	2	2	3	1
CENPK1137D_5395	P38732	YHL039W	0	1	2	2	2	2	1	3	2	2	4	5
CENPK1137D_4561	P38217	YBR017C	2	2	0	1	3	0	2	2	1	4	2	5
CENPK1137D_3813	Q12489	YDL012C	0	0	1	3	0	2	1	0	0	0	0	1
CENPK1137D_4585	P38225	YBR041W	0	1	0	0	0	1	1	2	2	0	0	1
CENPK1137D_1003	P36041	YKL204W	5	4	5	5	15	8	5	7	7	8	7	4
CENPK1137D_5383	Q03497	YHL007C	1	0	1	2	6	0	3	2	3	4	2	1
CENPK1137D_4114	P32916	YDR292C	3	1	2	1	1	0	1	0	2	4	1	3
CENPK1137D_4904	P36775	YBL022C	8	20	16	18	22	17	21	21	16	20	24	23
CENPK1137D_4342	Q12034	YDR515W	4	4	6	4	8	2	3	4	3	8	8	6
CENPK1137D_3548	P40081	YER134C	0	0	2	2	3	4	3	1	2	3	2	1
CENPK1137D_5409	P32793	YHR016C	3	4	8	2	5	3	5	5	4	2	3	1
CENPK1137D_2541	P17555	YNL138W	18	14	14	16	13	11	12	10	7	6	12	14
CENPK1137D_275	P11745	YMR235C	9	9	6	7	6	9	8	5	4	5	3	4
CENPK1137D_179	P29478	YML105C	2	0	2	3	0	1	2	2	3	6	1	4
CENPK1137D_2565	P53925	YNL115C	4	6	3	6	4	7	5	7	8	4	3	2
CENPK1137D_4571			7	6	5	7	6	7	7	4	4	3	3	3
CENPK1137D_1467	P08525	YJL166W	2	6	3	4	2	0	7	5	4	3	4	5
CENPK1137D_5064	P40561	YIR001C	0	4	3	6	6	3	4	3	0	2	3	2
CENPK1137D_428	Q12525	YLL062C	0	1	2	2	4	3	3	3	3	3	3	4
CENPK1137D_2127	Q12271	YOR109W	0	2	4	2	0	1	4	3	3	2	2	0
CENPK1137D_5217	P38713	YHR073W	2	1	0	1	1	2	4	4	2	3	3	0
CENPK1137D_2151	P32913	YOR132W	0	0	1	0	2	0	3	2	1	2	0	0
CENPK1137D_3514	P39945	YER101C	0	0	2	2	3	1	0	1	1	1	0	0
CENPK1137D_2544	P20081	YNL135C	16	13	11	13	10	6	13	11	14	10	10	5
CENPK1137D_3945	P13185	YDR122W	2	3	3	2	2	0	1	2	4	0	0	2
CENPK1137D_4550	P38067	YBR006W	4	2	6	9	6	7	8	6	5	4	6	2
CENPK1137D_5154	P40484	YIL106W	0	1	1	1	1	2	1	0	0	2	2	2
CENPK1137D_1316	P41903	YJR019C	8	11	10	12	11	8	12	12	11	15	16	15
CENPK1137D_3462	P87262	YER056C-A	14	7	6	5	7	4	6	6	6	10	7	10
CENPK1137D_3048	P35180	YGR082W	4	5	6	6	4	5	5	5	5	10	9	7
CENPK1137D_1877	P32867	YPL232W	7	11	11	8	9	5	4	7	9	4	5	6
CENPK1137D_1248	P40335	YJL053W	2	4	4	4	3	2	1	0	3	2	0	2
CENPK1137D_3262	P53091	YGL201C	4	4	4	4	2	3	7	8	5	4	6	4
CENPK1137D_658	Q05871	YLR284C	1	2	3	3	2	4	1	2	0	1	2	0
CENPK1137D_109	P24280	YMR079W	15	13	13	11	12	11	13	10	9	9	8	7
CENPK1137D_1114	P25296	YKL190W	2	3	1	2	3	0	4	2	1	4	4	5
CENPK1137D_3153	P53301	YGR189C	2	5	3	1	3	4	1	1	1	1	4	4
CENPK1137D_3997	P28789	YDL205C	4	3	3	2	2	0	3	3	2	4	4	4
CENPK1137D_4042	Q12009	YDL201W	1	2	4	1	1	1	4	4	2	2	4	3
CENPK1137D_4095	Q05584	YDR272W	0	1	2	1	1	0	1	2	1	3	2	3
CENPK1137D_2060	P38930	YOR039W	2	3	3	0	2	0	0	1	2	0	1	3
CENPK1137D_5309	P38853	YHR158C	0	1	2	2	2	1	3	1	2	1	0	0
CENPK1137D_38	Q03677	YMR009W	2	1	2	1	0	1	4	1	2	1	1	0
CENPK1137D_4372	Q12518	YDL161W	4	5	6	9	8	6	3	4	4	5	5	6
CENPK1137D_184	P28625	YMR152W	4	3	3	3	5	4	3	3	3	2	1	1
CENPK1137D_3384	P34077	YFR002W	0	2	1	3	2	3	5	2	2	1	2	1
CENPK1137D_4296	Q03327	YDR470C	2	2	2	3	2	0	3	0	2	1	0	0
CENPK1137D_2576	P13382	YNL102W	0	2	1	1	1	0	0	0	1	3	1	2
CENPK1137D_4013	P39079	YDR188W	14	14	12	13	12	6	10	9	8	13	16	13
CENPK1137D_2062	Q08412	YOR042W	16	15	13	21	16	16	12	8	14	14	12	14
CENPK1137D_2468	P11938	YNL216W	5	9	7	7	8	9	9	4	7	4	6	2
CENPK1137D_1079	P36150	YKR069W	7	8	7	4	3	4	6	6	5	5	4	4
CENPK1137D_2216	Q08601	YOR197W	1	3	2	6	5	4	3	3	3	4	5	3
CENPK1137D_711	P38631	YLR342W	12	21	16	15	17	11	19	18	18	11	14	11
CENPK1137D_5155	P40485	YIL105C	3	5	6	7	8	9	6	5	6	6	12	7
CENPK1137D_4297	P32891	YDL174C	14	14	17	13	12	8	17	13	14	17	18	17
CENPK1137D_3198	P17442	YGR233C	0	1	0	1	2	0	1	0	0	2	2	1
CENPK1137D_3056	P53254	YGR090W	1	1	1	2	3	4	4	3	2	3	2	4
CENPK1137D_452	Q12133	YLR066W	3	5	2	0	3	0	2	1	2	3	2	2
CENPK1137D_3807	Q12451	YDL019C	2	3	6	3	5	5	5	4	3	1	2	2
CENPK1137D_2696	P53629	YNR019W	0	3	3	0	3	2	1	1	2	0	1	0
CENPK1137D_2373	Q08826	YOR357C	0	2	2	2	2	1	1	0	0	2	2	2
CENPK1137D_4435	P37263	YCR087C-A	0	2	3	0	2	0	2	1	2	0	1	0
CENPK1137D_1644	Q02796	YPL055C	0	2	3	2	3	0	0	1	1	1	0	0
CENPK1137D_2465	P53868	YNL219C	0	0	1	1	1	0	1	2	2	1	2	2
CENPK1137D_1992	Q08179	YOL027C	13	17	11	11	9	7	9	12	10	11	8	7
CENPK1137D_705	Q12373	YLL022C	1	3	3	1	1	1	0	2	0	1	1	0
CENPK1137D_1772	Q12514	YPR072W	2	1	2	0	1	1	1	0	0	1	0	0
CENPK1137D_1632	Q02754	YPL067C	0	0	2	1	2	2	0	0	1	1	0	0
CENPK1137D_1367	P47123	YJR074W	0	1	0	0	2	0	0	1	0	3	1	1
CENPK1137D_2125	Q12166	YOR108W	18	20	14	15	15	13	12	13	13	13	10	11
CENPK1137D_4774			8	14	10	9	4	7	7	9	8	4	7	8
CENPK1137D_58	Q04371	YMR027W	5	5	4	10	6	7	7	11	8	7	10	7
CENPK1137D_3341	P43561	YFL041W	1	1	3	2	1	5	4	5	2	2	1	1
CENPK1137D_3201	P50087	YGR235C	0	3	2	3	0	0	4	4	2	2	4	0
CENPK1137D_3385	P43587	YFR003C	3	4	3	1	2	3	2	1	2	1	1	1
CENPK1137D_5103	P40581	YIR037W	10	10	10	11	10	7	9	8	9	7	5	5
CENPK1137D_2660	P32588	YNL016W	9	10	7	7	6	4	6	5	7	8	9	11
CENPK1137D_398	P14747	YML057W	1	2	3	6	5	4	4	5	3	2	5	3
CENPK1137D_1170	P14063	YKL138C	3	1	2	2	1	3	1	0	1	0	1	1
CENPK1137D_4035	P32501	YDR211W	1	3	2	1	1	0	2	0	0	2	2	2
CENPK1137D_1900	P33311	YPL270W	0	1	1	1	1	0	2	2	2	2	1	3
CENPK1137D_4213	Q12359	YDR384C	2	2	2	2	1	3	2	0	0	1	1	0
CENPK1137D_3617	P00045	YEL039C	5	5	6	5	6	6	4	6	6	3	3	2
CENPK1137D_5102	P40580	YIR036C	10	9	8	8	9	8	8	6	11	5	4	6
CENPK1137D_4233	P32387	YDR405W	3	5	2	2	0	2	3	2	3	3	1	0
CENPK1137D_4464	P25373	YCL035C	8	6	8	11	7	7	6	7	7	6	4	3
CENPK1137D_5134	P40471	YIL124W	7	7	7	7	9	7	7	6	8	3	5	4
CENPK1137D_380	Q03640	YML072C	6	9	7	3	7	4	5	4	5	3	4	4
CENPK1137D_218	P39926	YMR183C	7	9	9	9	9	7	6	6	5	7	5	3
CENPK1137D_2867	P53140	YGL107C	2	5	3	3	5	3	2	0	2	4	4	2
CENPK1137D_1018	Q02206	YKR008W	3	1	2	2	1	0	0	0	1	2	2	0
CENPK1137D_189	Q03798	YMR157C	1	0	3	1	1	2	2	4	2	0	0	2
CENPK1137D_1818	Q06493	YPR125W	1	3	3	3	4	4	2	2	1	3	0	1
CENPK1137D_5434	P38771	YHR038W	2	2	3	3	5	2	3	1	2	1	2	0
CENPK1137D_3476	P34909	YER068W	1	0	1	3	2	2	3	2	2	2	1	4
CENPK1137D_3725	P39009	YDL101C	1	2	3	1	0	0	1	1	1	1	1	1
CENPK1137D_3274	P39938	YGL189C	18	15	15	15	17	12	9	10	12	14	11	15
CENPK1137D_1824 CENPK1137D_3085	P0CX29 P0CX30	YGR118W YPR132W	16	15	9	10	12	5	7	8	13	9	8	9
CENPK1137D_3598	P40098	YER182W	9	9	9	11	14	12	9	11	8	7	9	6
CENPK1137D_4646	P38260	YBR101C	8	8	11	9	10	9	9	10	10	5	6	6
CENPK1137D_2665	P53981	YNL010W	6	10	9	5	10	3	4	3	10	9	2	2
CENPK1137D_2280	P48606	YOR265W	5	6	5	5	7	6	3	2	4	4	4	3
CENPK1137D_3040	P23369	YGR076C	2	2	3	1	1	2	4	4	1	1	1	1
CENPK1137D_4721	P38181	YBL079W	0	2	1	2	2	0	2	3	2	3	2	4
CENPK1137D_4087	Q12331	YDR262W	0	4	4	2	1	3	0	1	4	1	0	1
CENPK1137D_623	P38623	YLR248W	1	3	2	2	4	2	3	1	1	1	0	1
CENPK1137D_693	Q06168	YLR321C	1	4	3	1	1	0	2	1	2	1	2	3
CENPK1137D_4866	P34222	YBL057C	2	2	1	1	1	0	2	1	1	2	2	4
CENPK1137D_3703	P25037	YDL122W	2	2	5	4	2	2	3	2	3	6	5	5
CENPK1137D_4887	P38197	YBL036C	3	4	3	5	6	7	6	5	3	5	6	9
CENPK1137D_349	P50101	YMR304W	0	7	4	3	4	5	7	6	8	4	4	6
CENPK1137D_3880	Q12298	YDR061W	5	6	6	7	4	0	1	4	3	5	5	5
CENPK1137D_2759	P53834	YNL281W	7	9	7	14	11	10	11	8	10	10	9	3
CENPK1137D_3501	P39966	YER089C	6	7	4	3	4	1	8	4	4	4	4	6
CENPK1137D_3422	P43609	YFR037C	4	6	9	8	6	4	9	8	8	5	4	4
CENPK1137D_427	P51998	YML025C	4	3	6	4	3	3	5	2	5	8	5	7
CENPK1137D_2578	P50945	YNL100W	0	2	2	4	4	2	5	3	3	3	3	2
CENPK1137D_1702	P43635	YPR001W	5	8	7	9	12	7	6	8	4	4	8	4
CENPK1137D_966	P32860	YKL040C	8	7	8	7	9	3	4	4	7	9	10	8
CENPK1137D_2976	P41896	YGR005C	3	1	0	2	3	0	1	3	0	6	0	4
CENPK1137D_2063	P12611	YOR043W	1	1	1	0	1	2	3	3	2	0	2	1
CENPK1137D_1584	Q02959	YPL116W	0	3	1	3	4	3	2	1	1	2	1	4
CENPK1137D_3762	P50623	YDL064W	1	3	0	4	3	3	3	2	2	2	1	1
CENPK1137D_2286	Q12029	YOR271C	2	4	2	3	3	3	7	3	4	3	7	6
CENPK1137D_3175	P22803	YGR209C	5	7	5	8	8	6	5	6	7	5	4	2
CENPK1137D_4980	P39705	YAR002W	2	3	2	5	6	4	7	5	3	5	4	3
CENPK1137D_4581	P23833	YBR037C	2	4	4	1	2	2	3	2	4	2	2	0
CENPK1137D_3644	P39968	YEL013W	5	6	6	8	12	9	10	8	9	7	7	8
CENPK1137D_3400	P43598	YFR017C	6	5	5	9	8	6	8	6	5	5	4	3
CENPK1137D_1615			5	3	5	4	4	2	3	4	2	7	6	5
CENPK1137D_141	Q04458	YMR110C	6	13	9	10	14	12	16	14	12	9	9	11
CENPK1137D_4279	Q04120	YDR453C	7	8	7	3	5	8	5	7	4	4	3	4
CENPK1137D_1510	P47018	YJL123C	4	12	10	12	13	14	11	11	11	5	10	11
CENPK1137D_5218	P38795	YHR074W	7	12	5	6	7	2	6	5	6	8	7	10
CENPK1137D_4156	P52286	YDR328C	7	9	6	9	10	8	6	6	7	6	5	4
CENPK1137D_639	Q07825	YLL029W	9	10	8	7	8	7	7	5	7	5	5	5
CENPK1137D_3788	P12945	YDL040C	9	9	7	8	3	3	6	3	7	10	5	5
CENPK1137D_182	Q02795	YMR149W	1	3	2	1	2	1	4	4	3	3	2	3
CENPK1137D_1459	P32591	YJL176C	1	2	1	4	3	2	2	3	1	1	0	2
CENPK1137D_3243	P53332	YGR277C	1	1	0	2	2	3	4	2	1	1	2	2
CENPK1137D_1200	P32477	YJL101C	1	4	0	1	1	2	1	1	1	2	4	3
CENPK1137D_1730	Q12028	YPR029C	1	3	1	1	2	0	1	2	1	3	4	2
CENPK1137D_2930	P05373	YGL040C	9	13	11	11	13	7	10	5	9	12	14	13
CENPK1137D_3873	Q12355	YDR055W	3	5	4	6	4	2	5	5	4	2	2	2
CENPK1137D_3407	P43603	YFR024C-A	10	16	13	9	10	6	13	11	13	10	10	12
CENPK1137D_3176	P42942	YGR210C	3	5	3	6	5	5	4	3	4	3	1	3
CENPK1137D_2499	P22211	YNL183C	2	6	6	3	4	2	6	6	6	8	4	5
CENPK1137D_4641	P38255	YBR095C	0	0	1	2	2	0	2	1	2	2	1	2
CENPK1137D_2960	P25340	YGL012W	0	4	4	5	3	1	3	0	3	5	5	4
CENPK1137D_2130	Q12453	YOR112W	0	1	1	2	0	2	0	4	1	1	0	0
CENPK1137D_3518	P40064	YER105C	0	1	1	1	0	0	3	1	1	2	2	0
CENPK1137D_1087			7	15	10	9	7	12	13	10	11	9	7	5
CENPK1137D_1588	P00812	YPL111W	3	3	3	2	3	3	3	3	3	6	4	6
CENPK1137D_356	P41818	YMR311C	8	7	5	5	5	4	5	3	4	8	7	6
CENPK1137D_1462	P27614	YJL172W	5	9	8	13	9	11	12	11	12	9	10	9
CENPK1137D_10	P50109	YML017W	6	11	8	6	5	3	5	6	7	7	8	7
CENPK1137D_5295	P32904	YHR147C	5	6	5	3	3	3	2	7	4	4	1	3
CENPK1137D_3147	P53299	YGR181W	1	2	0	4	2	2	3	3	1	3	4	2
CENPK1137D_3959	P39109	YDR135C	1	3	3	2	1	0	3	3	3	3	2	3
CENPK1137D_2520	P53894	YNL161W	0	2	0	1	0	2	2	1	0	3	2	2
CENPK1137D_1081	P36151	YKR070W	0	1	1	1	2	0	2	3	2	2	1	0
CENPK1137D_4598	P38079	YBR054W	5	5	4	4	5	4	7	5	4	10	8	5
CENPK1137D_735	Q05926	YLR364W	4	5	4	8	7	8	5	5	6	5	5	4
CENPK1137D_110	P30771	YMR080C	3	5	6	1	7	3	3	2	4	2	2	2
CENPK1137D_37	P39105	YMR008C	0	2	0	2	2	3	2	1	0	2	2	1
CENPK1137D_3095	P53276	YGR128C	1	1	0	2	3	0	0	0	2	2	2	2
CENPK1137D_714	Q06137	YLR345W	0	1	1	3	1	1	3	2	1	0	2	0
CENPK1137D_3679	P40016	YER021W	6	15	13	13	15	13	16	14	13	19	16	16
CENPK1137D_1097	P22354	YKR085C	6	4	4	7	5	2	4	3	1	6	5	6
CENPK1137D_1651	P39107	YPL050C	4	3	3	3	5	2	2	1	4	2	0	2
CENPK1137D_2482	P40165	YNL200C	2	3	3	6	5	4	5	5	3	3	1	4
CENPK1137D_1000	P28495	YKL007W	4	3	1	3	3	1	6	5	3	2	2	3
CENPK1137D_5177	P40506	YIL083C	3	7	7	10	5	5	4	4	7	7	8	11
CENPK1137D_2875	P53145	YGL099W	4	4	4	3	2	6	6	5	6	1	4	3
CENPK1137D_119	P40341	YMR089C	2	1	4	2	5	0	0	0	4	4	5	2
CENPK1137D_4694	P38120	YBR146W	1	4	3	3	1	0	3	3	2	2	3	6
CENPK1137D_4841	P38353	YBR283C	0	2	2	2	1	4	5	4	2	4	1	2
CENPK1137D_2420	Q12109	YOL097C	6	6	7	11	7	7	13	12	6	8	6	7
CENPK1137D_981	P15700	YKL024C	7	4	6	9	7	6	9	4	1	3	5	4
CENPK1137D_3388	P43590	YFR006W	7	7	8	2	6	5	6	4	6	3	6	13
CENPK1137D_5212	P38792	YHR069C	2	3	2	0	1	1	0	4	2	2	0	2
CENPK1137D_5000	P40452	YIL157C	2	2	4	0	2	1	3	0	0	3	0	1
CENPK1137D_1767	P38687	YPL243W	7	14	13	10	6	6	10	9	11	9	13	12
CENPK1137D_1241	P47039	YJL060W	6	16	11	8	8	5	7	5	10	11	6	9
CENPK1137D_116	Q04279	YMR086W	1	3	6	3	6	1	4	1	3	2	0	2
CENPK1137D_2456	P32179	YOL064C	12	11	9	8	13	3	11	10	12	7	10	5
CENPK1137D_3452	Q6Q560	YER048W-A	1	6	5	1	3	4	3	2	4	7	5	4
CENPK1137D_4008	Q12443	YDL204W	5	7	5	5	3	3	10	5	6	10	6	2
CENPK1137D_1714	Q12251	YPR011C	0	0	2	0	0	2	2	3	0	1	0	0
CENPK1137D_5076	P35184	YIR012W	1	0	0	1	0	1	1	1	0	2	1	2
CENPK1137D_739	Q05931	YLR369W	5	2	3	6	5	3	3	1	5	7	6	4
CENPK1137D_5095	P21826	YIR031C	6	7	5	5	5	3	6	3	6	2	4	3
CENPK1137D_4057	Q04947	YDR233C	18	16	14	11	16	14	13	12	14	11	10	11
CENPK1137D_3715	Q12513	YDL110C	13	14	11	12	9	6	14	13	14	14	11	9
CENPK1137D_4984	P22336	YAR007C	8	12	9	7	10	8	12	10	9	15	15	9
CENPK1137D_4934	P39726	YAL044C	12	10	8	10	7	6	8	5	8	6	6	6
CENPK1137D_4850	P38152	YBR291C	6	6	10	4	6	5	10	8	7	9	9	7
CENPK1137D_340	Q03559	YMR295C	4	9	7	3	5	3	5	8	6	5	7	6
CENPK1137D_1363	P47119	YJR069C	3	4	4	5	3	2	6	5	7	6	6	4
CENPK1137D_4767	P32831	YBR212W	4	3	3	6	5	5	7	6	4	5	4	1
CENPK1137D_2855	P53131	YGL120C	6	4	5	3	4	1	8	5	3	5	4	3
CENPK1137D_4164	P23595	YDL188C	3	8	4	4	5	4	3	4	4	2	2	3
CENPK1137D_5286	P38841	YHR138C	3	3	4	6	4	5	6	5	4	2	3	3
CENPK1137D_489	Q12452	YLR100W	4	2	2	4	3	2	7	7	2	4	5	2
CENPK1137D_886	Q01519	YLR038C	4	2	1	5	0	3	5	4	5	4	4	4
CENPK1137D_222	Q03246	YMR188C	4	3	2	2	2	3	2	1	2	7	2	3
CENPK1137D_3578	P32657	YER164W	2	2	1	0	1	0	0	1	3	0	2	2
CENPK1137D_5260	P38822	YHR114W	2	3	2	3	3	3	0	2	1	2	2	2
CENPK1137D_2525	P53898	YNL156C	2	4	2	2	2	1	2	0	1	4	2	2
CENPK1137D_1237	Q3E7B2	YJL062W-A	2	2	2	2	1	2	0	0	2	2	3	2
CENPK1137D_4118	Q06630	YDR296W	0	0	2	1	4	2	1	3	1	3	2	1
CENPK1137D_100	Q04767	YMR071C	1	0	1	3	2	2	3	1	1	2	2	2
CENPK1137D_15	Q04228	YML013W	0	0	1	2	0	2	2	2	1	1	1	2
CENPK1137D_2018	P22579	YOL004W	0	2	2	1	0	0	1	2	1	1	1	3
CENPK1137D_4840	P36526	YBR282W	1	3	0	0	1	0	2	2	1	2	1	1
CENPK1137D_756	Q06709	YLR387C	0	3	2	1	0	0	2	1	0	0	1	1
CENPK1137D_1286	P47077	YJL010C	0	1	0	0	1	0	0	1	0	2	2	0
CENPK1137D_2075	Q08444	YOR056C	0	0	1	0	1	0	0	0	1	2	1	1
CENPK1137D_3291	P45818	YGL171W	0	1	0	0	1	0	2	0	2	1	0	0
CENPK1137D_2048	P89105	YOL145C	0	2	2	1	2	0	0	4	3	2	3	3
CENPK1137D_4205			0	1	2	3	2	2	4	2	2	0	2	2
CENPK1137D_4218	P52488	YDR390C	3	5	5	7	7	5	4	4	2	3	5	4
CENPK1137D_2310	Q08746	YOR294W	4	4	4	2	1	3	5	4	4	3	3	3
CENPK1137D_4431	P25372	YCR083W	2	4	3	2	4	3	2	1	2	2	2	0
CENPK1137D_5401	P38758	YHR009C	1	0	4	4	1	4	4	3	2	2	1	1
CENPK1137D_3825	P32356	YDR001C	3	6	4	7	5	9	8	10	5	6	7	7
CENPK1137D_1570	P35189	YPL129W	3	3	4	3	3	3	1	1	2	2	3	4
CENPK1137D_2935	P53066	YGL242C	1	6	4	6	6	5	8	5	4	3	5	2
CENPK1137D_4440	P25655	YCR093W	1	4	4	5	3	4	8	4	4	6	6	5
CENPK1137D_4250	P32578	YDR422C	1	1	2	1	2	0	0	0	1	2	0	3
CENPK1137D_2571	P32561	YNL330C	3	1	0	0	0	1	3	0	0	3	1	1
CENPK1137D_1517	P47025	YJL112W	1	1	1	0	0	1	2	1	1	2	3	0
CENPK1137D_2157	Q12386	YOR141C	1	2	2	1	0	0	0	0	3	1	1	2
CENPK1137D_3572	P32317	YEL052W	0	3	2	2	1	1	1	2	0	0	1	0
CENPK1137D_3348	P56628	YFL034C-A	3	5	6	2	2	3	3	5	4	5	5	4
CENPK1137D_2285	P32563	YOR270C	10	13	14	11	7	11	13	8	12	12	7	5
CENPK1137D_1364	P47120	YJR070C	11	10	11	10	9	9	9	13	7	7	8	5
CENPK1137D_2646 CENPK1137D_4554	P61830	YBR010W YNL031C	10	12	9	7	9	6	4	6	11	7	6	7
CENPK1137D_3764	P41058	YDL061C	10	7	7	5	6	4	5	5	6	6	4	5
CENPK1137D_581	P32335	YLR203C	9	9	10	6	8	4	8	7	5	4	6	8
CENPK1137D_2850	P53128	YGL125W	4	6	6	7	4	5	5	4	4	7	6	10
CENPK1137D_2672	P38922	YNL004W	3	4	6	7	7	7	5	5	5	3	4	5
CENPK1137D_3086	P48837	YGR119C	6	8	3	7	5	7	4	3	5	5	6	0
CENPK1137D_977	P36101	YKL027W	2	3	2	3	4	3	3	4	3	5	4	6
CENPK1137D_28	P32939	YML001W	3	4	3	5	4	4	7	3	2	2	2	2
CENPK1137D_77	Q02630	YMR047C	3	4	6	5	2	4	3	3	0	4	2	2
CENPK1137D_5068	P40564	YIR004W	2	6	2	1	2	1	4	1	2	2	3	4
CENPK1137D_2756	P36520	YNL284C	4	3	2	2	1	1	4	3	0	4	3	3
CENPK1137D_4627	P15731	YBR082C	2	2	2	3	3	4	1	1	2	2	2	1
CENPK1137D_3418	P05747	YFR032C-A	5	2	3	2	4	0	2	1	2	2	2	0
CENPK1137D_276	Q05027	YMR236W	2	1	2	4	2	1	2	2	0	0	1	1
CENPK1137D_2860	P12904	YGL115W	0	2	3	0	2	2	4	1	2	0	0	2
CENPK1137D_229	P36525	YMR193W	1	4	2	1	2	1	0	1	1	1	1	3
CENPK1137D_4900	P38203	YBL026W	2	3	0	1	0	1	2	2	3	0	2	2
CENPK1137D_4672	P38089	YBR125C	1	0	0	1	0	0	1	1	1	1	2	1
CENPK1137D_3531	P40073	YER118C	1	1	2	0	1	0	0	0	1	0	1	2
CENPK1137D_1247	P47045	YJL054W	0	1	0	0	0	1	1	1	1	1	1	2
CENPK1137D_3911	P35178	YDR087C	1	1	2	0	1	0	0	0	1	1	1	1
CENPK1137D_1999	Q08162	YOL021C	3	4	4	4	3	4	3	4	3	0	3	2
CENPK1137D_2593	P40850	YNL085W	6	6	9	12	10	9	10	9	6	10	9	13
CENPK1137D_4916	P38169	YBL098W	3	3	2	3	5	3	6	5	4	3	3	2
CENPK1137D_780	Q06685	YLR410W	2	4	4	7	6	4	6	2	4	5	2	2
CENPK1137D_720	P49954	YLR351C	2	3	4	2	2	1	4	2	3	7	2	3
CENPK1137D_558	Q06252	YLR179C	1	1	1	2	2	2	1	1	0	1	1	0
CENPK1137D_2133	Q99394	YOR115C	2	2	2	1	1	0	1	0	2	0	1	1
CENPK1137D_2004	Q12517	YOL149W	1	0	1	2	1	0	1	1	0	2	2	2
CENPK1137D_561	P09959	YLR182W	0	1	1	2	2	2	0	2	1	0	1	1
CENPK1137D_4424	P37262	YCR073W-A	2	5	3	6	4	6	5	3	3	2	4	2
CENPK1137D_753	Q06706	YLR384C	2	3	3	6	4	6	6	3	3	4	5	5
CENPK1137D_5425	Q00772	YHR030C	1	3	2	3	4	4	4	3	2	2	3	0
CENPK1137D_5221	P38797	YHR076W	2	5	3	2	4	2	2	0	2	2	2	2
CENPK1137D_3071	P53261	YGR103W	3	4	6	2	4	1	5	4	4	4	5	5
CENPK1137D_3333	P43555	YFL048C	2	2	5	4	5	0	4	4	5	5	6	5
CENPK1137D_1392	P35127	YJR099W	2	2	2	3	5	4	4	3	2	2	3	1
CENPK1137D_5388	P38753	YHL002W	0	4	2	3	2	1	2	2	2	0	0	2
CENPK1137D_984	P20484	YKL021C	1	3	3	2	1	2	5	4	2	2	3	5
CENPK1137D_1846	Q06449	YPR154W	2	5	3	4	6	4	2	2	4	1	2	4
CENPK1137D_2863	P53040	YGL112C	1	1	2	1	1	1	2	1	1	2	2	4
CENPK1137D_854	Q07915	YLR009W	3	2	3	3	1	0	2	0	1	2	2	2
CENPK1137D_2918	P53172	YGL056C	12	11	13	9	10	10	8	9	9	7	8	9
CENPK1137D_5435	P38694	YHR039C	5	5	5	3	2	3	3	8	4	4	5	4
CENPK1137D_2869	P53141	YGL106W	9	10	9	6	7	10	9	6	9	8	6	3
CENPK1137D_2356	P46669	YOR340C	4	4	5	5	1	2	6	6	4	6	2	4
CENPK1137D_3737	Q05166	YDL088C	0	2	0	2	2	0	1	0	0	1	0	0
CENPK1137D_32	P40959	YMR004W	1	2	1	0	0	1	2	0	0	1	0	0
CENPK1137D_4861	P38164	YBL104C	0	0	4	1	0	0	1	0	0	0	0	2
CENPK1137D_2082	Q08285	YOL142W	0	1	0	1	0	1	3	1	0	1	0	0
CENPK1137D_4547	P18900	YBR003W	0	2	2	0	0	1	0	1	1	0	0	1
CENPK1137D_2982	P53204	YGR010W	2	2	2	1	2	1	2	0	2	3	3	3
CENPK1137D_4324	Q04373	YDR496C	1	3	4	2	1	0	3	1	3	4	2	1
CENPK1137D_3849	Q00816	YDR028C	2	4	2	3	3	2	1	1	2	1	2	1
CENPK1137D_5349	P38883	YHR197W	1	2	1	2	1	1	3	2	3	2	3	3
CENPK1137D_4752	P29366	YBR200W	1	1	0	2	2	0	1	0	0	1	2	1
CENPK1137D_1011	P29468	YKR002W	0	2	0	3	1	0	0	1	0	1	0	3
CENPK1137D_2538	P42842	YNL313C	2	2	0	2	0	0	0	0	1	1	1	2
CENPK1137D_4454	P25574	YCL045C	2	1	3	2	0	3	5	4	2	1	4	2
CENPK1137D_5	P49435	YML022W	7	9	6	5	5	4	8	6	5	7	4	3
CENPK1137D_5342	P29704	YHR190W	10	8	6	7	3	5	9	6	5	6	6	4
CENPK1137D_2566	P28000	YNL113W	3	5	5	4	5	3	2	2	7	6	7	6
CENPK1137D_1614	Q02908	YPL086C	1	1	0	2	3	1	4	0	2	2	2	1
CENPK1137D_3281	P40956	YGL181W	1	1	1	3	2	2	2	0	1	2	1	0
CENPK1137D_940	P35723	YKL065C	3	7	6	6	7	2	12	7	5	6	6	5
CENPK1137D_3787	Q07657	YDL225W	7	6	7	6	7	4	4	5	3	8	6	6
CENPK1137D_3150	P41895	YGR186W	3	2	3	3	2	2	4	4	5	4	4	4
CENPK1137D_3382	P43586	YFR001W	1	2	2	3	5	2	4	3	4	3	3	2
CENPK1137D_5245	P38812	YHR100C	1	1	2	2	2	0	0	0	1	1	1	2
CENPK1137D_1896	O13297	YPL228W	1	0	3	0	1	0	2	1	1	2	0	2
CENPK1137D_147	Q04472	YMR115W	0	2	2	1	0	0	2	2	0	1	3	0
CENPK1137D_4392	P48445	YDL141W	1	1	2	2	2	0	0	0	1	1	2	1
CENPK1137D_2567			6	7	5	5	3	4	10	6	5	8	3	7
CENPK1137D_70	P40202	YMR038C	2	4	5	2	3	2	2	3	4	7	2	5
CENPK1137D_853	Q07914	YLR008C	3	5	4	2	3	2	2	1	3	3	4	3
CENPK1137D_5258	P38716	YHR112C	2	2	3	2	4	2	3	1	2	2	1	0
CENPK1137D_96	P54730	YMR067C	2	3	2	2	1	0	3	2	1	4	2	2
CENPK1137D_4018	P15424	YDR194C	5	6	6	4	3	4	6	6	5	3	5	3
CENPK1137D_2877	P21827	YGL097W	6	5	3	5	3	2	1	2	4	5	2	5
CENPK1137D_579	P52553	YLR200W	2	1	4	6	4	2	5	5	4	2	5	3
CENPK1137D_348	P32843	YMR302C	9	13	14	11	11	9	9	9	10	8	6	10
CENPK1137D_4574	P38221	YBR029C	4	4	3	6	5	4	7	7	5	6	5	7
CENPK1137D_4603	P38080	YBR059C	2	3	3	5	3	1	2	2	5	1	1	2
CENPK1137D_1865	P52917	YPR173C	3	6	3	6	4	3	5	8	4	2	4	3
CENPK1137D_163	Q04225	YMR131C	7	11	9	7	8	5	13	10	8	10	8	10
CENPK1137D_1939	Q06892	YPL188W	5	8	8	7	8	6	5	7	5	5	4	4
CENPK1137D_4658	Q01976	YBR111C	6	7	7	7	7	5	8	6	5	5	3	4
CENPK1137D_296	P10174	YMR256C	2	2	3	4	5	5	3	4	3	3	3	3
CENPK1137D_2893	P53155	YGL082W	5	4	5	4	3	3	4	1	4	2	2	3
CENPK1137D_4014	P22213	YDR189W	8	9	10	6	10	7	7	6	4	9	5	6
CENPK1137D_168	P13298	YML106W	8	12	10	11	4	6	8	9	6	6	8	6
CENPK1137D_4307	P11491	YDR481C	4	4	4	6	3	4	8	7	5	6	4	6
CENPK1137D_4502	P25618	YCR017C	1	1	1	3	2	3	3	1	1	2	2	2
CENPK1137D_2730	P53741	YNR051C	1	2	0	2	2	1	4	2	0	5	3	0
CENPK1137D_120	Q04304	YMR090W	4	5	2	2	3	2	5	2	4	5	5	4
CENPK1137D_1582	Q02950	YPL118W	2	4	3	3	2	1	4	5	3	2	3	2
CENPK1137D_3775	P33333	YDL052C	1	2	2	5	3	3	3	4	2	3	3	3
CENPK1137D_2460	Q12296	YOL060C	2	3	3	2	4	0	0	2	4	2	1	0
CENPK1137D_308	P28239	YMR267W	2	2	4	3	1	2	1	0	2	1	3	2
CENPK1137D_3688	P19881	YDL236W	2	3	1	1	2	3	0	2	1	3	2	3
CENPK1137D_3246	P53334	YGR279C	2	3	1	2	3	3	2	2	2	0	1	2
CENPK1137D_2533	P53905	YNL147W	2	3	3	2	1	0	0	2	3	0	2	3
CENPK1137D_1343	P21375	YJR051W	1	1	3	3	3	2	2	1	2	1	0	2
CENPK1137D_5194	P40517	YIL063C	2	2	0	1	3	0	1	1	1	1	0	0
CENPK1137D_1375	P47129	YJR083C	0	0	1	1	1	1	1	1	2	1	1	2
CENPK1137D_3580	P32660	YER166W	0	1	0	1	2	0	1	1	2	1	3	0
CENPK1137D_2788	P36528	YNL252C	1	0	2	1	0	0	2	0	2	2	1	1
CENPK1137D_373	Q03124	YML127W	0	1	2	1	0	0	2	1	1	1	1	2
CENPK1137D_369	P81450	YML081C-A	10	7	10	7	8	6	5	7	5	8	7	8
CENPK1137D_1044	P69771	YKR035W-A	5	5	6	3	3	4	2	4	3	5	4	2
CENPK1137D_4126	Q06639	YDR303C	1	2	0	2	1	0	3	2	1	0	1	1
CENPK1137D_3799	Q07655	YDL224C	2	2	2	1	1	1	0	2	0	1	1	1
CENPK1137D_3670	P40012	YER014W	0	2	1	2	2	2	0	2	0	2	0	1
CENPK1137D_4597	P38235	YBR053C	3	2	1	0	1	1	2	1	0	1	1	1
CENPK1137D_1574	Q02932	YPL125W	2	0	1	2	3	1	2	1	1	1	1	0
CENPK1137D_2547	P53914	YNL132W	6	6	6	6	6	3	10	6	7	2	7	6
CENPK1137D_1174	P28272	YKL216W	7	6	6	5	5	3	3	3	5	5	5	5
CENPK1137D_3976	Q03769	YDR153C	4	7	5	3	4	4	1	3	5	5	4	5
CENPK1137D_1509	P47017	YJL124C	6	5	4	2	3	4	4	1	4	5	4	4
CENPK1137D_2198	Q08558	YOR180C	4	3	1	3	6	5	3	3	2	4	3	4
CENPK1137D_2241	P20436	YOR224C	2	4	4	5	4	3	5	2	4	0	3	3
CENPK1137D_3559	P40089	YER146W	2	2	2	5	2	4	3	6	3	3	4	3
CENPK1137D_2175	P17558	YOR158W	3	3	3	3	2	1	4	3	4	5	4	3
CENPK1137D_2005	P22517	YOL016C	1	4	3	4	4	3	5	2	1	1	4	0
CENPK1137D_4838	P38352	YBR280C	1	4	2	5	2	3	3	4	3	2	1	2
CENPK1137D_2983	P53206	YGR012W	2	0	3	5	2	3	4	3	2	2	2	2
CENPK1137D_1528	Q12091	YPL170W	3	4	3	2	2	2	3	4	2	2	2	1
CENPK1137D_233	Q04338	YMR197C	2	3	5	4	2	0	2	2	5	2	1	2
CENPK1137D_1086			1	4	4	3	1	1	3	4	2	1	3	1
CENPK1137D_847	Q07897	YLR003C	2	3	2	1	4	0	1	1	3	2	6	2
CENPK1137D_1484	P47006	YJL148W	1	3	1	1	2	0	2	4	1	2	0	1
CENPK1137D_2518	P53893	YNL163C	0	2	1	3	1	0	2	1	0	3	1	3
CENPK1137D_2948	P53191	YGL023C	1	2	0	2	1	1	3	0	0	3	1	3
CENPK1137D_173	P40210	YMR140W	0	1	1	1	1	1	1	1	2	1	3	2
CENPK1137D_5030	P40318	YIL030C	0	0	3	1	2	1	0	1	1	2	3	1
CENPK1137D_1454	P22135	YJL180C	0	1	2	3	1	0	3	3	0	1	0	1
CENPK1137D_3985	P30619	YDR164C	1	1	1	4	0	0	2	2	2	0	1	1
CENPK1137D_5423	P18962	YHR028C	1	2	0	1	0	1	2	2	0	2	2	2
CENPK1137D_3937	Q04599	YDR116C	7	5	7	8	5	4	11	10	5	7	8	8
CENPK1137D_333	Q03532	YMR290C	7	10	7	8	7	3	11	8	9	10	6	6
CENPK1137D_3556	P40087	YER143W	8	6	4	7	6	8	9	9	7	5	6	5
CENPK1137D_3337	P43558	YFL044C	1	2	2	2	3	1	1	2	1	0	2	0
CENPK1137D_3211	Q02793	YGL213C	1	3	2	2	1	1	1	1	0	1	2	2
CENPK1137D_827	P33750	YLL011W	1	2	2	1	2	1	2	2	2	0	1	1
CENPK1137D_1690	Q12344	YPL249C	0	1	1	2	2	1	2	3	1	1	1	2
CENPK1137D_2776	P53845	YNL263C	1	0	1	1	3	1	2	3	1	2	2	0
CENPK1137D_3110	P48234	YGR145W	2	1	2	2	2	0	2	2	2	3	4	2
CENPK1137D_4302	Q03362	YDR476C	1	1	2	2	2	1	2	2	2	3	3	3
CENPK1137D_213	Q03219	YMR178W	1	3	2	1	1	2	2	0	3	4	2	3
CENPK1137D_4486	P25555	YCL011C	1	1	3	2	2	2	1	1	2	4	2	3
CENPK1137D_4385	Q12250	YDL147W	5	10	6	5	7	8	5	6	7	4	4	5
CENPK1137D_5237	P38714	YHR091C	0	2	2	2	1	3	1	5	1	0	1	2
CENPK1137D_636	Q99260	YLR262C	2	4	1	3	3	2	3	4	2	3	1	0
CENPK1137D_4634	P38250	YBR086C	6	8	10	11	7	7	8	9	12	6	6	7
CENPK1137D_4827	P38345	YBR269C	7	10	8	11	10	8	7	9	7	5	8	6
CENPK1137D_757	P41057	YLR388W	7	7	6	4	5	5	4	4	5	4	4	5
CENPK1137D_3834	P32568	YDR011W	1	1	0	2	1	1	0	3	2	0	1	1
CENPK1137D_4031	P36521	YDL202W	3	8	9	5	7	7	4	7	9	3	5	5
CENPK1137D_5144	P40477	YIL115C	3	6	7	8	7	6	7	7	7	7	3	4
CENPK1137D_1987	Q08202	YOL032W	3	5	4	5	7	7	6	6	6	6	8	5
CENPK1137D_1189	P28707	YKL117W	8	7	6	4	6	5	7	5	6	5	3	5
CENPK1137D_1721	Q12233	YPR020W	5	7	9	3	6	4	5	3	7	4	7	6
CENPK1137D_5242	P38809	YHR097C	5	4	7	8	6	7	5	5	5	3	5	5
CENPK1137D_4116	Q05567	YDR294C	6	8	6	7	7	2	5	4	8	3	4	5
CENPK1137D_3723	P43123	YDL103C	3	5	4	9	3	6	7	6	6	4	4	6
CENPK1137D_1075	P36147	YKR065C	5	5	5	7	5	3	3	3	3	6	5	4
CENPK1137D_4054	Q04935	YDR231C	4	5	5	6	5	5	3	3	3	4	4	4
CENPK1137D_1736	Q12406	YPR034W	2	6	8	2	6	2	3	3	4	4	6	4
CENPK1137D_1365	P47122	YJR072C	3	1	6	6	8	1	2	3	4	6	3	5
CENPK1137D_3186	P31334	YGR220C	5	5	5	5	3	1	5	4	5	4	3	3
CENPK1137D_863	Q07938	YLR017W	3	5	7	3	3	2	4	3	4	6	3	3
CENPK1137D_3628	P39990	YEL026W	6	4	4	4	2	3	2	3	4	4	5	5
CENPK1137D_2883	P49687	YGL092W	0	6	4	4	5	0	3	5	7	2	3	4
CENPK1137D_1353	P17106	YJR060W	2	4	3	5	4	3	4	2	4	3	2	1
CENPK1137D_4711	P38286	YBR159W	2	4	4	3	3	2	4	3	3	1	1	3
CENPK1137D_3594	P32611	YEL050C	3	3	4	3	2	1	4	2	4	2	2	2
CENPK1137D_1166	P33421	YKL141W	2	2	2	3	2	1	2	2	3	4	4	3
CENPK1137D_2504	P53881	YNL177C	1	2	1	3	2	2	4	4	1	5	2	1
CENPK1137D_2949	P39007	YGL022W	3	5	1	1	1	2	2	4	2	3	2	2
CENPK1137D_696	Q06169	YLR324W	2	0	5	1	3	0	5	2	2	1	2	3
CENPK1137D_1377	P47131	YJR085C	2	3	2	2	1	1	3	3	3	2	2	2
CENPK1137D_4299	Q03337	YDR472W	1	2	1	1	2	1	4	3	1	2	1	1
CENPK1137D_2674	P40693	YNL002C	2	2	0	1	1	1	2	2	3	3	2	1
CENPK1137D_252	P25303	YMR214W	0	2	1	4	1	2	2	2	0	3	2	1
CENPK1137D_3982	Q03771	YDR161W	0	1	2	4	1	1	1	2	1	1	2	4
CENPK1137D_2836	P53121	YGL139W	1	1	1	2	1	0	2	2	2	2	2	2
CENPK1137D_2772	P39104	YNL267W	0	4	2	3	2	1	1	1	1	2	1	0
CENPK1137D_593	Q05791	YLR215C	1	1	2	2	0	0	0	1	3	2	3	1
CENPK1137D_3582			0	4	2	1	1	0	1	1	2	1	0	3
CENPK1137D_1560	Q03010	YPL139C	0	0	5	2	2	0	0	2	0	0	2	0
CENPK1137D_483	P13186	YLR096W	0	0	2	1	1	0	1	0	1	3	2	0
CENPK1137D_743	Q05934	YLR373C	0	0	1	2	1	0	1	2	1	1	2	0
CENPK1137D_4344	Q04410	YDR517W	1	3	0	0	1	2	1	0	2	1	0	0
CENPK1137D_162	Q04223	YMR130W	1	2	1	0	3	0	1	0	0	1	1	1
CENPK1137D_2704	P48563	YNL297C	0	0	3	0	1	0	2	0	1	2	2	0
CENPK1137D_3882	Q12156	YDR063W	1	1	3	0	1	1	0	1	1	0	1	1
CENPK1137D_2427	P25847	YOL090W	0	1	2	1	2	0	0	0	1	2	0	2
CENPK1137D_1441	P46971	YJR143C	0	1	2	2	1	0	0	3	1	0	0	1
CENPK1137D_395	Q12746	YML125C	2	2	1	0	1	1	0	1	1	0	1	1
CENPK1137D_5101	P40579	YIR035C	1	1	0	1	1	0	1	0	1	2	0	3
CENPK1137D_3842	Q07648	YDL219W	1	1	1	1	0	0	1	0	1	1	1	2
CENPK1137D_4412	P25638	YCR060W	2	1	0	2	1	1	1	0	0	0	0	2
CENPK1137D_4120	P38992	YDR297W	2	0	0	1	2	1	1	0	0	1	1	1
CENPK1137D_1787	Q06833	YPR091C	0	1	1	1	2	0	3	1	0	0	1	0
CENPK1137D_3696	Q99385	YDL128W	1	2	1	1	1	0	0	1	0	1	1	1
CENPK1137D_1371	P47125	YJR078W	0	2	0	2	0	2	1	0	0	0	1	2
CENPK1137D_5430	P38768	YHR034C	1	1	1	2	1	1	1	0	1	1	0	0
CENPK1137D_313	P30402	YMR271C	0	0	2	1	2	1	0	1	0	1	0	1
CENPK1137D_5332	P38869	YHR181W	0	1	1	0	1	0	2	2	0	1	1	0
CENPK1137D_2192	Q08548	YOR175C	0	1	1	1	1	0	1	1	2	1	0	0
CENPK1137D_927	P36081	YKL077W	1	2	1	0	1	0	0	0	2	0	0	2
CENPK1137D_3562	P13393	YER148W	0	2	2	1	1	0	1	0	0	0	1	1
CENPK1137D_1192	P26793	YKL113C	0	1	1	1	0	0	1	1	0	1	1	2
CENPK1137D_836	P32892	YLL008W	0	1	1	0	0	1	0	1	1	1	3	0
CENPK1137D_3168	P13259	YGR202C	1	0	0	0	1	1	1	0	1	0	2	2
CENPK1137D_1017	Q02205	YKR007W	0	1	1	2	1	1	0	1	1	0	0	1
CENPK1137D_3182	P53305	YGR215W	0	1	1	0	1	0	2	0	0	2	1	1
CENPK1137D_1041	P36125	YKR030W	1	1	2	1	1	0	0	0	1	0	2	0
CENPK1137D_2720	P53736	YNR040W	0	1	0	2	1	1	1	1	0	1	1	0
CENPK1137D_3975	Q12315	YDL207W	0	0	1	1	0	0	1	2	0	1	1	1
CENPK1137D_573	P32523	YLL036C	0	0	1	0	1	0	1	1	1	1	0	2
CENPK1137D_3663	P89886	YER007C-A	3	2	4	4	0	0	3	1	2	2	2	2
CENPK1137D_1421	P47160	YJR125C	7	9	10	8	9	3	9	7	6	6	6	5
CENPK1137D_2194	P16622	YOR176W	8	10	8	7	9	4	7	8	7	6	7	4
CENPK1137D_1914	Q08962	YPL211W	7	5	5	4	4	5	4	5	6	4	3	3
CENPK1137D_5251	P38816	YHR106W	2	4	3	4	2	4	4	2	1	3	1	1
CENPK1137D_4867	P34221	YBL056W	10	8	8	5	7	5	6	8	6	9	5	7
CENPK1137D_790	P20051	YLR420W	4	3	3	3	2	1	6	2	3	5	3	3
CENPK1137D_600	Q05946	YLR222C	2	2	4	2	1	1	0	2	2	2	3	1
CENPK1137D_4388	Q07716	YDL237W	1	1	2	3	2	3	2	3	1	1	2	1
CENPK1137D_2568	P40312	YNL111C	4	4	2	2	2	1	2	2	2	3	1	3
CENPK1137D_2874	P53011	YGL100W	2	2	2	3	3	4	2	2	1	3	2	2
CENPK1137D_2477	P40160	YNL207W	1	3	1	4	2	1	2	3	1	2	5	3
CENPK1137D_3373	P43582	YFL010C	2	4	3	6	3	4	3	2	2	4	3	3
CENPK1137D_2296	Q99369	YOR280C	3	0	1	1	2	1	4	3	1	3	1	1
CENPK1137D_437	Q12345	YLR052W	1	0	2	1	0	1	3	0	2	2	1	2
CENPK1137D_5085	P15367	YIR022W	2	2	1	1	2	2	0	1	1	1	1	1
CENPK1137D_5053	P39002	YIL009W	2	2	1	5	1	2	3	5	2	4	2	3
CENPK1137D_4902	P38205	YBL024W	3	6	3	7	5	2	7	6	4	9	5	5
CENPK1137D_2928	P07273	YGL043W	2	8	4	4	8	4	4	2	5	6	6	6
CENPK1137D_1840	Q06523	YPR148C	3	7	6	9	6	3	5	3	6	4	3	4
CENPK1137D_4149	Q06678	YDR322W	3	6	6	5	3	5	6	9	3	4	3	4
CENPK1137D_903	P36037	YKL213C	3	6	3	5	2	5	3	4	2	3	1	3
CENPK1137D_2255			3	3	4	5	0	0	5	3	1	4	2	2
CENPK1137D_3135	Q3E772	YGR169C-A	1	2	1	3	1	0	2	2	3	2	0	1
CENPK1137D_4532	P25332	YCR036W	1	2	4	0	2	1	1	1	2	0	2	2
CENPK1137D_5396	P08539	YHR005C	0	2	3	0	3	2	2	1	2	0	1	1
CENPK1137D_1520	P42945	YJL109C	0	2	0	1	4	0	2	1	2	2	1	2
CENPK1137D_2951	P53192	YGL020C	2	1	0	1	1	0	1	3	1	1	0	1
CENPK1137D_3088	P40260	YGR121C	1	1	1	2	0	0	2	2	1	1	0	1
CENPK1137D_666	P32502	YLR291C	0	2	1	1	1	0	2	2	1	1	1	0
CENPK1137D_156	P34160	YMR125W	4	3	5	3	5	3	10	4	3	3	5	3
CENPK1137D_5243	P38810	YHR098C	1	5	4	5	4	4	4	3	3	1	2	4
CENPK1137D_3429	P40018	YER029C	1	1	3	1	2	2	2	4	3	1	2	2
CENPK1137D_608	P19073	YLR229C	1	2	2	2	1	2	4	3	2	2	2	1
CENPK1137D_341	P25045	YMR296C	3	8	5	3	4	3	6	5	5	5	7	2
CENPK1137D_3016	P32564	YGR049W	1	2	2	3	2	2	1	2	1	1	1	1
CENPK1137D_4506	P25586	YCL059C	1	2	1	4	1	2	2	1	2	2	1	0
CENPK1137D_3121	P39927	YGR156W	1	1	1	2	2	3	3	0	2	1	2	1
CENPK1137D_4172	P10662	YDR347W	6	7	10	5	6	4	5	6	7	6	7	7
CENPK1137D_4313	Q03390	YDR486C	1	2	2	4	3	2	2	2	2	2	4	3
CENPK1137D_4112	Q05543	YDR289C	1	4	3	1	4	1	3	2	3	2	1	1
CENPK1137D_576	P21304	YLR196W	2	2	3	2	3	2	7	3	1	6	3	2
CENPK1137D_1257	P47052	YJL045W	4	5	5	8	8	4	4	4	5	7	3	5
CENPK1137D_2953	P53193	YGL018C	2	3	2	2	3	0	0	1	2	1	2	3
CENPK1137D_4750	P38129	YBR198C	3	5	3	4	4	1	0	3	3	2	3	2
CENPK1137D_1452	P46985	YJL183W	4	3	2	3	3	1	5	3	3	4	1	1
CENPK1137D_1720	P30665	YPR019W	2	2	1	2	3	3	2	2	3	3	3	4
CENPK1137D_1487	P47008	YJL145W	4	1	3	2	2	0	3	2	2	3	2	3
CENPK1137D_207	P01094	YMR174C	6	7	6	6	7	4	8	6	6	5	5	3
CENPK1137D_140	Q04439	YMR109W	8	5	6	8	5	4	5	3	4	5	4	6
CENPK1137D_4310	P27809	YDR483W	2	5	7	5	4	3	4	4	7	2	4	3
CENPK1137D_5205	P38787	YHR063C	4	4	3	3	2	3	5	4	5	4	4	2
CENPK1137D_2699	P53724	YNR022C	3	4	3	3	2	1	3	3	4	5	4	2
CENPK1137D_1261			3	4	3	2	3	0	2	2	3	3	3	1
CENPK1137D_5114	Q00578	YIL143C	0	2	1	0	1	0	0	0	1	0	0	1
CENPK1137D_565	Q06287	YLR186W	0	1	0	1	0	0	2	1	0	1	0	0
CENPK1137D_445	P54964	YLR059C	0	0	1	1	0	0	3	0	0	0	0	1
CENPK1137D_2864	P53136	YGL111W	1	0	2	0	1	0	0	1	0	0	0	1
CENPK1137D_1145	P36051	YKL165C	0	1	0	1	0	0	0	0	1	1	2	0
CENPK1137D_1303	P47085	YJR008W	3	7	4	7	4	4	3	3	4	5	3	2
CENPK1137D_123	Q04305	YMR093W	4	7	4	5	4	2	3	3	3	4	4	5
CENPK1137D_4683	P20486	YBR135W	1	3	4	1	6	6	2	2	4	3	3	3
CENPK1137D_64	Q05123	YMR033W	2	3	3	3	3	2	3	4	2	6	3	4
CENPK1137D_5440			2	3	2	4	3	4	5	1	2	2	2	2
CENPK1137D_3943	P15565	YDR120C	2	3	3	4	2	0	3	3	5	0	3	4
CENPK1137D_4578	P38074	YBR034C	3	2	3	1	2	1	3	2	0	2	2	3
CENPK1137D_4225	Q92317	YDR397C	0	1	1	1	1	2	1	2	2	2	2	1
CENPK1137D_3084	P53270	YGR117C	2	1	2	2	2	1	2	0	2	1	0	1
CENPK1137D_4724	P33755	YBR170C	0	4	0	4	0	1	1	1	0	3	2	0
CENPK1137D_1514	P46956	YJL117W	2	3	0	2	1	1	0	0	2	2	2	1
CENPK1137D_4321	Q03430	YDR494W	3	4	4	3	3	0	4	3	3	3	3	3
CENPK1137D_5236	P28007	YHR089C	3	4	2	2	2	2	4	3	4	4	2	4
CENPK1137D_342	P00729	YMR297W	5	6	5	3	4	3	4	4	5	3	3	5
CENPK1137D_1252	P47047	YJL050W	1	3	3	2	3	0	1	3	1	2	4	3
CENPK1137D_5207	P38712	YHR065C	1	4	4	0	5	0	4	0	3	2	2	1
CENPK1137D_1687	Q02608	YPL013C	0	3	4	0	1	2	2	2	1	2	1	2
CENPK1137D_4498	P25348	YCR003W	4	5	5	2	5	2	4	4	4	4	2	3
CENPK1137D_2531	P53903	YNL149C	2	6	4	4	2	3	4	5	5	2	3	4
CENPK1137D_2731	P39008	YNR052C	1	1	3	3	3	3	2	2	2	2	1	2
CENPK1137D_4166	P21771	YDR337W	1	4	2	3	2	3	6	2	4	2	3	3
CENPK1137D_4061	P36519	YDR237W	3	4	5	2	4	2	3	1	4	3	2	2
CENPK1137D_2716	P53732	YNR036C	2	2	1	1	1	1	2	0	1	3	2	1
CENPK1137D_1455	P46988	YJL179W	2	2	2	0	1	2	1	2	2	1	1	1
CENPK1137D_1083	P36024	YKR072C	2	3	2	3	4	3	1	2	3	4	4	2
CENPK1137D_2287	Q12024	YOR272W	1	5	5	3	2	2	4	3	5	3	4	4
CENPK1137D_5405	P07347	YHR013C	4	4	3	5	1	5	3	2	2	3	4	5
CENPK1137D_3727	Q12191	YDL099W	5	3	3	2	4	6	4	2	3	2	3	2
CENPK1137D_3007	P53224	YGR038W	2	1	2	4	3	2	2	2	3	3	3	3
CENPK1137D_16	P54837	YML012W	3	4	2	3	2	0	2	3	2	3	3	3
CENPK1137D_3434	P40022	YER034W	2	2	0	2	1	2	6	2	0	4	1	0
CENPK1137D_4142	P54860	YDL190C	0	3	2	2	1	1	1	2	2	4	2	2
CENPK1137D_4797	P38142	YBR241C	0	1	0	1	0	0	1	1	1	0	2	0
CENPK1137D_4468	P25368	YCL031C	0	1	0	2	0	1	0	0	1	0	1	1
CENPK1137D_319	Q03254	YMR277W	2	1	0	0	1	0	0	0	1	2	0	0
CENPK1137D_2472	P40157	YNL212W	0	0	2	0	0	1	0	0	1	0	0	3
CENPK1137D_2868	P22434	YGL248W	0	0	1	1	0	2	1	0	0	0	0	2
CENPK1137D_2711	P37254	YNR033W	0	0	1	1	0	2	1	0	0	1	0	1
CENPK1137D_278	Q05031	YMR238W	2	1	0	0	1	0	1	0	1	1	0	0
CENPK1137D_1216	P19658	YJL085W	0	0	1	1	1	0	2	0	1	1	0	0
CENPK1137D_1439	P47173	YJR142W	0	1	1	1	0	2	0	1	0	0	0	1
CENPK1137D_2443	Q08235	YOL077C	1	4	4	2	2	2	6	2	3	2	5	2
CENPK1137D_1670	P17157	YPL031C	1	4	4	6	4	3	4	3	1	4	2	3
CENPK1137D_1470	P06244	YJL164C	3	4	7	5	6	3	5	5	6	5	5	0
CENPK1137D_1406			9	7	5	5	7	4	4	4	6	7	6	4
CENPK1137D_5198	P38779	YHR052W	3	5	4	6	7	4	6	7	5	5	6	6
CENPK1137D_5192	P40515	YIL065C	5	6	6	6	5	7	5	6	4	2	4	6
CENPK1137D_1810	P46683	YPL239W	4	2	5	6	5	5	9	3	5	5	6	4
CENPK1137D_2369	Q08818	YOR354C	3	6	6	5	3	3	5	6	5	6	5	6
CENPK1137D_4479			10	5	3	6	3	5	4	5	3	5	5	3
CENPK1137D_54	P36516	YMR024W	4	7	6	5	5	3	3	2	7	3	3	5
CENPK1137D_3964	P32495	YDL208W	3	5	6	3	3	3	4	4	5	3	5	6
CENPK1137D_4966	P31383	YAL016W	4	5	4	5	4	0	5	5	4	3	4	3
CENPK1137D_4943	P39729	YAL036C	0	6	5	5	4	1	3	3	4	6	6	3
CENPK1137D_1841	Q12207	YPR149W	4	3	4	3	3	3	4	5	5	4	2	3
CENPK1137D_3821	Q07651	YDL222C	6	3	3	3	5	5	2	4	4	3	2	3
CENPK1137D_4667	P07253	YBR120C	3	4	4	6	5	2	2	3	4	2	1	5
CENPK1137D_4278	Q04119	YDR452W	2	3	3	3	3	3	3	5	5	3	3	5
CENPK1137D_5038	P16370	YIL021W	3	4	3	7	5	0	3	0	4	4	4	3
CENPK1137D_2991	P39111	YGR020C	2	4	5	3	5	3	2	2	3	3	3	2
CENPK1137D_3430	P40019	YER030W	3	4	3	3	4	3	4	2	4	2	3	1
CENPK1137D_4359	Q04430	YDR531W	3	4	4	2	4	4	3	1	3	3	1	3
CENPK1137D_60	Q05040	YMR029C	1	2	3	2	2	2	4	2	2	3	4	3
CENPK1137D_2017	P38902	YOL005C	1	3	2	3	2	2	3	1	2	4	4	2
CENPK1137D_4883	P38166	YBL102W	1	2	2	2	2	2	3	3	2	4	3	2
CENPK1137D_1606	P21825	YPL094C	2	1	1	1	1	3	3	3	2	1	1	4
CENPK1137D_480	Q12255	YLR093C	2	3	1	1	2	1	3	2	1	0	2	1
CENPK1137D_1425	P47164	YJR130C	1	3	2	3	1	2	2	1	1	2	1	0
CENPK1137D_3252	P53337	YGR284C	1	1	1	2	1	1	2	3	1	1	1	1
CENPK1137D_2183	Q12125	YOR164C	2	4	0	0	0	4	3	0	0	1	2	0
CENPK1137D_4173	Q05518	YDR348C	1	1	1	1	1	2	2	1	0	1	3	2
CENPK1137D_2683	P40344	YNR007C	1	1	3	0	3	1	1	1	0	2	1	1
CENPK1137D_2569	P53927	YNL110C	0	1	1	3	0	1	2	0	3	1	2	1
CENPK1137D_1969	P21182	YOL052C	0	1	1	2	1	1	2	2	0	1	2	2
CENPK1137D_1486	P46958	YJL146W	1	3	1	2	1	0	1	2	1	1	0	1
CENPK1137D_1529	Q99257	YPL169C	2	1	1	2	0	0	2	0	1	1	2	2
CENPK1137D_2444	Q12387	YOL076W	0	0	2	2	1	0	2	2	1	2	1	1
CENPK1137D_2853	P32505	YGL122C	3	0	0	0	2	0	3	2	0	1	2	0
CENPK1137D_3062	P53256	YGR095C	1	2	2	0	1	1	0	2	1	1	1	1
CENPK1137D_1942	Q08925	YPL184C	0	1	1	0	1	2	1	2	2	0	1	2
CENPK1137D_4122	Q06631	YDR299W	1	2	0	1	1	0	1	1	1	4	1	0
CENPK1137D_1137	P36048	YKL173W	0	2	1	2	3	0	2	0	1	1	0	1
CENPK1137D_4847	P38153	YBR288C	1	1	0	1	1	1	1	3	1	0	1	2
CENPK1137D_1132	P34237	YKL179C	0	2	1	2	0	0	0	2	3	1	0	2
CENPK1137D_1109	Q3E833	YKR095W-A	2	1	2	1	2	0	1	0	1	1	1	1
CENPK1137D_1191	P22936	YKL114C	2	0	1	1	1	1	1	1	0	1	2	2
CENPK1137D_5023	P06102	YIL038C	1	5	3	3	3	4	4	3	0	5	4	3
CENPK1137D_1779	Q06817	YPR081C	1	0	0	2	1	0	1	1	0	1	1	1
CENPK1137D_3673	P39925	YER017C	1	2	3	0	4	0	1	2	3	3	4	1
CENPK1137D_5201	P38783	YHR059W	2	2	0	0	2	0	0	2	0	2	0	2
CENPK1137D_988	P36104	YKL018W	0	0	2	1	2	1	1	0	1	0	3	1
CENPK1137D_419	Q03707	YML034W	1	1	0	0	2	0	2	2	0	3	0	1
CENPK1137D_3464	Q02771	YER058W	1	0	1	0	1	0	0	2	1	0	2	1
CENPK1137D_691	P41697	YLR319C	0	1	0	3	0	0	2	0	1	2	0	0
CENPK1137D_5056	P40555	YIL007C	0	1	1	1	0	2	1	1	1	0	1	0
CENPK1137D_3267	P53095	YGL196W	0	1	1	1	2	0	1	0	0	0	1	2
CENPK1137D_3322	P43619	YFR047C	4	5	5	6	6	5	3	6	2	4	5	4
CENPK1137D_2750	P38629	YNL290W	1	5	7	5	4	3	3	1	4	5	4	2
CENPK1137D_3527	P39984	YEL056W	0	2	1	3	0	3	3	2	0	1	3	2
CENPK1137D_127	Q03148	YMR096W	3	3	3	2	3	0	4	1	3	2	2	4
CENPK1137D_2698	P53723	YNR021W	6	6	6	4	5	3	5	6	5	6	6	4
CENPK1137D_1409	P47150	YJR113C	0	5	4	3	3	4	5	3	4	3	6	5
CENPK1137D_4402	P25626	YCR046C	1	4	3	2	1	2	5	1	2	4	2	3
CENPK1137D_4560	P38216	YBR016W	2	2	3	3	4	2	1	2	2	3	2	1
CENPK1137D_4653	P38266	YBR108W	2	1	3	2	2	3	3	3	3	3	2	0
CENPK1137D_1989	Q08193	YOL030W	2	2	3	0	3	2	3	1	2	4	2	3
CENPK1137D_4146	Q06677	YDR320C	2	2	2	3	2	4	3	1	1	2	2	3
CENPK1137D_2965	P38929	YGL006W	0	2	4	3	2	2	3	1	1	3	2	4
CENPK1137D_564			3	2	2	1	1	2	2	2	2	1	1	2
CENPK1137D_5209	P38789	YHR066W	1	1	2	1	2	1	4	2	1	2	2	2
CENPK1137D_716	P23201	YLL021W	3	6	2	2	4	1	2	2	3	2	2	5
CENPK1137D_3569	P39960	YER155C	4	3	0	2	3	0	3	2	3	4	2	3
CENPK1137D_519	P20485	YLR133W	2	2	3	2	1	2	4	3	1	3	2	4
CENPK1137D_3795	Q12389	YDL031W	0	5	4	3	2	0	3	4	0	1	3	4
CENPK1137D_277	Q05029	YMR237W	3	4	4	2	6	0	4	1	5	3	5	5
CENPK1137D_4981	Q05359	YAR002C-A	2	3	3	4	2	4	6	4	3	2	4	4
CENPK1137D_3140	P37267	YGR174C	5	5	4	5	4	4	4	5	3	2	4	3
CENPK1137D_4406	P25632	YCR052W	4	5	6	4	3	3	4	3	6	6	3	2
CENPK1137D_1478	P32604	YJL155C	0	6	4	4	5	5	4	5	6	2	4	6
CENPK1137D_2906	P53164	YGL067W	1	2	4	2	4	1	2	1	2	4	2	3
CENPK1137D_3844	Q12099	YDR021W	0	0	2	0	2	0	2	0	0	2	0	2
CENPK1137D_3676	P39979	YEL066W	4	4	5	5	5	5	4	6	4	4	3	3
CENPK1137D_3681	P32263	YER023W	3	2	3	4	4	4	6	4	2	4	3	3
CENPK1137D_1283	P47075	YJL012C	1	4	6	2	3	2	2	4	2	3	3	4
CENPK1137D_4152	Q06679	YDR324C	0	4	3	3	3	2	3	4	4	4	2	4
CENPK1137D_2162	Q99216	YOR145C	2	4	3	3	3	3	4	1	5	3	2	1
CENPK1137D_2528	P53900	YNL153C	4	3	3	2	4	2	1	2	3	3	2	4
CENPK1137D_5359	P11792	YHR205W	3	3	4	5	2	0	4	2	2	2	2	2
CENPK1137D_4559	P38069	YBR015C	2	1	2	3	1	4	4	1	2	2	2	1
CENPK1137D_4381	Q12136	YDL153C	3	2	2	1	1	2	2	2	2	1	3	3
CENPK1137D_2590	P06786	YNL088W	1	2	2	3	2	0	2	2	4	1	2	2
CENPK1137D_2516	P32453	YNL315C	2	2	1	2	0	3	3	3	2	2	2	1
CENPK1137D_3983	Q12163	YDR162C	0	3	1	1	1	2	3	2	0	3	2	2
CENPK1137D_965	P36095	YKL041W	2	1	2	3	2	0	0	0	3	2	2	2
CENPK1137D_4530	P25358	YCR034W	0	1	2	3	2	0	2	3	0	1	3	2
CENPK1137D_3445	P40030	YER044C	1	3	1	1	1	1	1	1	3	1	2	3
CENPK1137D_224	Q04201	YML101C	1	2	2	0	2	1	1	2	2	3	2	1
CENPK1137D_2022	Q12149	YOR001W	1	3	2	2	2	1	1	2	2	0	2	1
CENPK1137D_4729	P38122	YBR176W	1	2	2	0	3	2	1	0	2	2	2	2
CENPK1137D_779	Q06078	YLR409C	1	2	2	3	2	1	2	0	1	0	3	2
CENPK1137D_1007	P28778	YKL003C	0	3	3	1	2	0	2	3	0	0	0	4
CENPK1137D_3454			3	1	2	2	1	0	1	3	0	2	3	0
CENPK1137D_4808	P33759	YBR251W	1	1	2	1	4	0	3	1	2	0	1	2
CENPK1137D_2997	P27882	YGR029W	2	3	1	1	2	1	1	2	0	1	2	1
CENPK1137D_264	P19956	YMR225C	0	2	2	2	2	2	1	1	1	1	1	2
CENPK1137D_1988	Q08199	YOL031C	1	2	3	1	2	0	2	1	1	1	1	2
CENPK1137D_89	P25298	YMR061W	1	1	1	1	1	2	1	2	1	2	1	3
CENPK1137D_4289	P36527	YDR462W	0	2	2	1	1	0	0	1	1	1	1	0
CENPK1137D_3921	Q03835	YDR098C	4	4	4	6	3	3	3	2	3	4	4	3
CENPK1137D_1187	P32332	YKL120W	3	6	4	4	4	2	2	4	6	4	5	6
CENPK1137D_3674	P40014	YER018C	0	1	2	0	0	1	0	2	0	0	2	0
CENPK1137D_2340	Q12502	YOR322C	1	1	0	0	1	0	2	0	1	1	0	1
CENPK1137D_1405	P47148	YJR111C	1	1	0	2	0	1	2	0	0	0	0	1
CENPK1137D_1929	Q08951	YPL195W	0	1	0	2	0	0	2	0	0	2	0	1
CENPK1137D_3174	P42941	YGR208W	0	0	1	0	3	0	0	0	2	2	0	0
CENPK1137D_4921	P38210	YBL006C	0	1	1	1	1	0	0	1	2	0	0	1
CENPK1137D_3378	P43585	YFL004W	2	4	5	4	3	1	4	2	3	6	2	4
CENPK1137D_4163	P52918	YDR335W	3	3	5	5	2	2	3	1	3	4	4	2
CENPK1137D_4252	Q02647	YDR424C	5	3	3	4	3	2	3	2	2	3	3	2
CENPK1137D_2144	P41734	YOR126C	1	4	3	3	4	4	3	3	3	2	3	2
CENPK1137D_818	P32366	YLR447C	3	3	2	2	3	4	4	4	3	2	3	2
CENPK1137D_2488	P40169	YNL194C	0	1	2	1	3	1	2	2	1	1	1	1
CENPK1137D_420	P06778	YML032C	1	2	2	1	0	2	1	0	2	3	1	1
CENPK1137D_1207	P08466	YJL208C	1	2	2	1	2	0	1	0	2	1	2	2
CENPK1137D_2491	P53871	YNL191W	1	1	1	2	2	1	1	1	1	1	1	3
CENPK1137D_941	P35724	YKL064W	0	1	2	2	1	0	2	2	1	2	1	2
CENPK1137D_3709	Q07532	YDL115C	2	2	1	2	1	0	2	0	1	2	1	2
CENPK1137D_400	Q04969	YML055W	0	2	1	1	2	2	1	1	1	3	1	1
CENPK1137D_1835	Q06511	YPR143W	1	0	1	1	2	1	1	1	1	0	0	2
CENPK1137D_30	Q03667	YMR002W	0	2	2	2	0	0	2	0	0	2	1	0
CENPK1137D_4226	Q04177	YDR398W	1	1	1	1	1	0	2	0	0	1	1	2
CENPK1137D_46	Q03735	YML117W	0	1	2	1	0	1	2	0	2	1	0	1
CENPK1137D_2992	P53212	YGR021W	0	1	1	1	1	0	2	1	0	1	2	1
CENPK1137D_4685	P38276	YBR137W	2	1	1	1	1	1	1	1	0	1	0	1
CENPK1137D_5264	P38825	YHR117W	0	1	1	2	2	0	1	2	0	1	0	1
CENPK1137D_2513	P53890	YNL166C	1	1	2	1	1	1	0	1	1	1	1	0
CENPK1137D_4886	P38065	YBL037W	0	0	2	2	2	0	0	0	3	0	0	2
CENPK1137D_911	P33324	YKL091C	0	1	1	1	1	2	1	2	0	0	0	2
CENPK1137D_2011	Q08096	YOL010W	0	1	2	1	1	0	2	0	2	1	0	1
CENPK1137D_1263	P47054	YJL039C	0	2	2	0	2	0	1	2	0	0	1	1
CENPK1137D_3499	P52870	YER087C-B	1	1	2	1	2	1	1	1	2	1	0	1
CENPK1137D_2430	Q99316	YOL088C	1	1	2	1	2	1	3	1	0	1	1	0
CENPK1137D_2061	Q12320	YOR040W	1	2	2	2	3	3	2	2	1	1	3	2
CENPK1137D_1650	Q02804	YPL051W	2	3	3	2	3	0	3	1	2	3	1	1
CENPK1137D_1180	P33401	YKL127W	3	2	2	1	3	1	2	1	1	1	2	2
CENPK1137D_2009	Q12692	YOL012C	4	4	4	2	5	4	3	2	3	3	4	3
CENPK1137D_1920	P29295	YPL204W	3	5	4	6	4	1	5	1	2	4	3	4
CENPK1137D_872	P39929	YLR025W	3	2	3	4	4	4	4	4	3	4	3	3
CENPK1137D_2594	P42846	YNL308C	3	4	3	3	4	2	3	3	2	5	5	2
CENPK1137D_3129	P53292	YGR165W	2	4	2	4	3	2	3	4	3	4	3	5
CENPK1137D_3774	Q07362	YDL053C	1	3	2	3	3	3	4	3	2	2	2	3
CENPK1137D_1794	Q06090	YPR100W	3	3	3	3	4	2	1	3	2	2	2	3
CENPK1137D_155	P39523	YMR124W	2	2	5	4	2	1	2	1	3	4	3	2
CENPK1137D_937	Q02629	YKL068W	1	3	0	3	4	0	3	0	3	2	2	2
CENPK1137D_5404	P38759	YHR012W	1	2	3	1	2	1	1	3	3	1	2	3
CENPK1137D_4148	P38986	YDR321W	2	2	3	0	2	2	2	2	1	3	1	1
CENPK1137D_3708	P52891	YDL116W	1	1	2	1	2	2	1	2	2	1	3	3
CENPK1137D_1793	Q06089	YPR098C	0	1	1	0	2	2	0	1	2	1	1	2
CENPK1137D_4903	P29469	YBL023C	0	1	3	1	2	1	1	0	1	0	2	1
CENPK1137D_533	P43321	YLR147C	1	0	2	2	2	0	2	0	2	0	0	2
CENPK1137D_682	Q06704	YLR309C	1	0	1	1	3	0	0	1	2	2	1	1
CENPK1137D_1057	P36141	YKR049C	0	3	1	1	1	1	1	1	2	1	0	1
CENPK1137D_3498	P39965	YER087W	1	0	2	1	1	2	1	0	3	1	1	0
CENPK1137D_4610	P38175	YBL090W	2	2	2	2	2	2	3	2	2	2	3	4
CENPK1137D_1542	Q12498	YPL156C	3	4	2	4	2	2	3	2	4	2	1	3
CENPK1137D_4420	P25642	YCR071C	1	3	2	2	2	3	2	1	2	3	1	4
CENPK1137D_3863	P11353	YDR044W	2	3	1	1	2	2	4	2	1	2	3	3
CENPK1137D_5003	P40188	YIL057C	0	2	1	1	2	0	0	1	1	2	1	1
CENPK1137D_5428	P38735	YHL035C	1	1	1	1	1	1	1	2	2	1	2	1
CENPK1137D_3756	Q07451	YDL072C	3	4	1	3	3	0	3	4	2	3	2	2
CENPK1137D_3524	P40070	YER112W	3	2	2	3	3	3	1	3	2	3	3	2
CENPK1137D_5016	P40529	YIL044C	3	3	2	2	2	2	1	3	3	3	3	3
CENPK1137D_3941	Q2V2P9	YDR119W-A	2	3	2	3	3	3	3	3	2	2	1	3
CENPK1137D_2952	P43639	YGL019W	2	2	2	3	2	2	4	3	1	4	3	2
CENPK1137D_3965	Q03921	YDR141C	0	5	2	3	2	1	3	3	3	3	3	2
CENPK1137D_3034	P53073	YGL231C	2	3	3	2	2	2	2	1	2	2	2	2
CENPK1137D_2680	P40343	YNR006W	2	2	2	4	1	1	2	2	4	1	4	0
CENPK1137D_2072	Q08421	YOR051C	0	4	2	2	3	1	2	4	2	1	3	1
CENPK1137D_1037	P14741	YKR026C	1	2	2	2	3	0	2	1	2	1	1	1
CENPK1137D_2695	P53721	YNR018W	0	1	2	2	1	2	1	2	2	1	2	1
CENPK1137D_3667	P40011	YER010C	1	2	2	2	2	1	0	1	2	2	1	1
CENPK1137D_121	P32832	YMR091C	1	3	0	1	2	2	1	2	2	2	0	1
CENPK1137D_3763	Q07395	YDL063C	1	2	2	1	2	1	1	1	1	2	2	1
CENPK1137D_3699	Q07688	YDL235C	1	1	3	2	1	1	2	1	2	1	1	1
CENPK1137D_5374	P38747	YHL013C	0	2	1	2	0	2	1	1	0	1	2	0
CENPK1137D_1725	Q12432	YPR023C	0	2	0	3	0	0	2	1	0	2	1	1
CENPK1137D_1102	P32461	YKL191W	0	3	1	2	0	0	2	1	0	2	1	0
CENPK1137D_301	Q04500	YML093W	1	0	3	1	1	0	1	0	2	1	1	1
CENPK1137D_4335	Q12263	YDR507C	0	1	2	0	3	1	0	2	0	2	0	1
CENPK1137D_846	Q07896	YLR002C	0	3	1	1	1	0	2	0	1	1	1	1
CENPK1137D_3030	P32914	YGR063C	1	1	1	2	1	1	1	0	1	1	1	1
CENPK1137D_5169	P40498	YIL091C	1	2	1	1	1	1	1	1	0	1	1	1
CENPK1137D_4508	P25371	YCR011C	0	1	1	2	0	0	1	0	0	0	0	1
CENPK1137D_1599	Q02887	YPL100W	0	1	1	2	0	0	0	1	0	0	0	1
CENPK1137D_4935	Q01329	YAL043C	0	2	0	1	0	0	0	0	1	1	1	0
CENPK1137D_1172	P36000	YKL135C	0	0	2	1	1	0	1	0	0	1	0	0
CENPK1137D_1882	P17883	YPR189W	0	1	1	0	1	0	2	0	0	0	1	0
CENPK1137D_2702	P11655	YNR026C	1	0	0	0	2	0	0	0	1	0	1	1
CENPK1137D_421	P32500	YML031W	0	0	1	0	1	1	2	0	0	0	1	0
CENPK1137D_1236	P22353	YJL063C	2	3	2	5	1	0	4	3	2	1	1	5
CENPK1137D_4189	O94742	YDR363W-A	2	3	2	3	2	2	2	3	4	0	2	4
CENPK1137D_4725	P33754	YBR171W	2	1	1	1	2	1	1	3	0	2	2	2
CENPK1137D_3910	P35179	YDR086C	1	3	2	1	2	1	1	2	1	1	1	2
CENPK1137D_1760	P32178	YPR060C	2	2	2	2	3	1	2	2	2	1	1	2
CENPK1137D_2618	P41814	YNL062C	2	3	1	2	1	1	1	2	1	2	2	1
CENPK1137D_223	P39103	YML129C	2	2	0	2	2	2	2	1	2	2	1	1
CENPK1137D_4705	P33313	YBR155W	1	2	2	3	1	0	4	1	1	2	1	1
CENPK1137D_2219	P06633	YOR202W	2	2	2	1	2	1	1	2	1	1	2	2
CENPK1137D_2423	P40339	YOL094C	2	2	0	2	0	3	3	2	1	3	0	1
CENPK1137D_284	P20107	YMR243C	3	1	2	1	2	1	2	1	2	2	2	2
CENPK1137D_768	P32794	YLR397C	0	4	2	2	2	1	2	3	1	2	1	1
CENPK1137D_3996	P07250	YDR173C	0	0	1	2	0	0	1	0	0	0	1	0
CENPK1137D_3714	Q12277	YDL111C	0	0	1	0	1	0	0	0	1	0	0	2
CENPK1137D_3535	P39962	YER123W	1	1	2	1	3	1	1	2	0	2	1	1
CENPK1137D_2728	P53604	YNR049C	1	2	2	2	2	0	0	1	3	1	1	1
CENPK1137D_3704	Q07541	YDL121C	2	0	2	0	1	2	2	1	1	2	1	2
CENPK1137D_4687	P38109	YBR139W	1	1	1	2	2	1	1	1	2	2	1	1
CENPK1137D_1741	Q12199	YPR040W	1	1	2	1	0	2	2	2	1	2	1	1
CENPK1137D_3652	P40005	YEL003W	1	0	1	0	0	2	0	2	0	1	0	0
CENPK1137D_254	Q03656	YMR216C	0	1	0	2	0	0	2	0	0	1	0	1
CENPK1137D_1270	Q00618	YJL031C	1	0	0	1	0	1	1	1	0	0	0	2
CENPK1137D_103	Q04772	YMR073C	1	2	2	2	2	0	1	2	2	2	2	2
CENPK1137D_1226	P47037	YJL074C	0	2	3	3	2	0	2	3	1	1	0	3
CENPK1137D_2651	P53969	YNL026W	1	2	2	1	2	1	2	2	2	2	1	2
CENPK1137D_4295	Q03323	YDR469W	2	1	1	2	2	1	0	1	4	1	3	2
CENPK1137D_5127	P40467	YIL130W	2	0	0	0	2	1	0	0	2	0	2	1
CENPK1137D_3938	Q04600	YDR117C	0	2	1	0	2	1	2	0	0	0	1	1
CENPK1137D_1603	P48527	YPL097W	0	0	2	1	1	1	0	1	2	0	0	2
CENPK1137D_1276	P47064	YJL024C	0	0	2	0	1	1	1	1	1	1	1	1
CENPK1137D_3397	P27466	YFR014C	0	0	3	1	1	1	0	2	0	1	1	1
CENPK1137D_5072	P10363	YIR008C	1	1	1	1	2	0	1	0	2	1	0	1
CENPK1137D_4811	P32570	YBR253W	1	1	1	0	2	1	0	1	1	1	1	1