W29_NCBI	CLIB122_NCBI	CLIB122_UNIPROT	high_temp_A	high_temp_B	high_temp_C	low_pH_A	low_pH_B	low_pH_C	low_pH_D	standard_A	standard_B	standard_C	standard_D
YALI1_A16292g	YALI0A16379g1_1	Q6CGT5	7.477998945	7.55276795	7.471144715	6.753422357	6.788705587	6.796557246	6.760113535	7.264194762	7.249797672	7.225805211	7.248837007
YALI1_E36437g	YALI0E30965g1_1	Q6C3Z9	7.667606151	7.696527179	7.666884231	6.889879885	6.933731769	6.894465745	6.860358873	7.32615499	7.263035677	7.324337353	7.276161061
YALI1_C31408g	YALI0C22748g1_1	Q6CB11	7.631889648	7.710530518	7.645085203	6.857567423	6.804944303	6.774589584	6.790248505	7.372566265	7.312104584	7.392600397	7.295810236
YALI1_D00474g	YALI0D00451g1_1	Q6CAS0	7.085055103	7.068859556	7.099012907	6.229884848	6.337987126	6.199471162	6.25442504	7.357925699	7.291954224	7.235325484	7.373706815
YALI1_A06099g	YALI0A06435g1_1	Q6CHQ5	7.207354068	7.245346791	7.212501097	6.484282135	6.592379284	6.54364185	6.426449089	7.21003576	7.199876789	7.208258823	7.21125274
YALI1_B11853g	YALI0B08778g1_1	Q6CFA8	6.97709526	6.969080192	6.897273865	7.214695094	7.172961735	7.1790088	7.204880521	6.944773794	6.940585789	6.883199536	6.918020061
YALI1_D18408g	YALI0D15114g1_1	Q6C916	7.314223506	7.348025246	7.30082394	6.860658307	6.819940594	6.86229331	6.780293019	7.195206409	7.162325581	7.23309281	7.165726925
YALI1_F30877g	YALI0F23551g1_1	Q6C0L9	6.959500556	6.946801801	6.926622414	6.766975768	6.794710365	6.77270695	6.744159836	7.023612665	7.009733877	6.980001711	7.0007304
YALI1_F23664g	YALI0F17820g1_1	Q6C1A9	7.347384695	7.404813836	7.487555908	7.987647821	8.085286914	8.105838139	8.092529148	7.579445146	7.528296171	7.583371293	7.507708669
YALI1_D27884g	YALI0D22088g1_1	Q6C874	6.842229182	6.886336038	6.884602851	7.133493068	7.119129947	7.126565469	7.150552377	6.939836469	6.931040958	6.970655253	6.962285189
YALI1_F12138g	YALI0F08701g1_1	Q6C2D9	6.926747595	6.993567745	6.911610099	7.471161258	7.447449006	7.472041512	7.486435793	7.218656725	7.122467235	7.165371879	7.111719964
YALI1_E09241g	YALI0E07744g1_1	Q6C6P1	7.756627652	7.842089792	7.781154762	6.9985894	7.092675541	7.090339381	6.835852972	7.721069601	7.667078201	7.74380281	7.649339842
YALI1_C29506g	YALI0C21362g1_1	Q6CB74	6.854510742	6.885615548	6.895575234	7.511338058	7.475853045	7.512655334	7.53435308	6.908435095	6.899823131	6.862595242	6.718049933
YALI1_F37320g	YALI0F29821g1_1	Q6BZY9	6.403489278	6.439852089	6.383243705	7.324922741	7.205107854	7.272044136	7.26469154	6.520470825	6.587419055	6.455162254	6.672466084
YALI1_F38191g	YALI0F30547g1_1	Q6BZV7	6.669281669	6.743836629	6.794358384	7.305289258	7.270498765	7.297664044	7.35066034	6.909561743	6.846170153	6.864055099	6.831669877
YALI1_D16151g	YALI0D13024g1_1	Q6C990	6.313624929	6.390194232	6.277354948	6.860182474	6.851180935	6.909052512	6.916632345	6.601495045	6.562532979	6.532352728	6.548698859
YALI1_B18572g	YALI0B14014g1_1	Q6CEP8	7.049123914	7.059917228	6.898141345	7.772042238	7.714126414	7.770296537	7.838544568	7.458647854	7.435937074	7.37716141	7.406853154
YALI1_B03404g	YALI0B02266g1_1	Q6CFZ3	6.540908674	6.557446364	6.510876947	6.804883377	6.813874017	6.84162754	6.793161407	6.594958193	6.569792926	6.531599563	6.544759291
YALI1_E07899g	YALI0E06567g1_1	Q6C6T0	6.571693715	6.53639801	6.460813341	7.226386847	7.387334367	7.438816336	7.381050343	7.245855043	7.178554449	7.202499385	7.14924822
YALI1_E07234g	YALI0E05995g1_1	Q6C6V2	6.570974179	6.434990479	6.517630965	7.260280196	7.312982685	7.308106864	7.310900334	6.804038263	6.661098624	6.592957152	6.625872855
YALI1_C29676g	YALI0C21516g1_1	Q6CB67	6.428388164	6.513387057	6.479210841	6.967937847	7.022412348	7.065202273	7.043183102	6.767822142	6.694545118	6.662207427	6.678707137
YALI1_C10203g	YALI0C07656g1_1	Q6CCP7	7.242551968	7.283036817	7.418812383	6.60409169	6.698074252	6.549689545	6.59705235	7.255625248	7.213049667	7.256785352	7.312349908
YALI1_A15105g	YALI0A15103g1_1	Q6CGX7	6.847500864	6.832583734	6.788482703	6.867536441	6.909600371	6.849519566	6.884492537	6.539322128	6.543006873	6.427076146	6.408450241
YALI1_D26263g	YALI0D20680g1_1	Q6C8C9	6.746159754	6.615264245	6.715717374	7.244831299	7.133259195	7.211333853	7.240721206	6.83534415	6.754414077	6.712187258	6.679423866
YALI1_A22454g	YALI0A21439g1_1	Q6CG80	7.575073724	7.632813436	7.592617713	7.264527553	7.307201084	7.366039137	7.181738454	7.172637696	7.201137498	7.237022904	7.151149672
YALI1_C14450g	YALI0C10230g1_1	Q6CCD9	8.130106702	8.119023919	7.997607086	7.760972032	7.76556613	7.703614361	7.794203871	8.036603475	7.997789978	7.942528981	7.966958769
YALI1_B26112g	YALI0B19998g1_1	Q6CDZ4	6.903213886	6.978761932	6.992266203	7.220431877	7.281358138	7.287692657	7.287366409	7.057517765	7.044069224	7.070048435	7.010391583
YALI1_F23922g	YALI0F17996g2_1	Q6C1A3	6.62439878	6.660167522	6.652439256	7.08759129	7.207093107	7.255073095	7.159684915	6.959209628	6.945654086	6.895821973	6.929799492
YALI1_B20802g	YALI0B15840g1_1	Q6CEG4	6.998664491	7.024166878	6.974671465	6.798726626	6.81348228	6.711615832	6.815375511	6.772253728	6.763369262	6.739351302	6.761808
YALI1_D27637g	YALI0D21890g1_1	Q6C883	7.082437252	7.007243534	6.96414692	7.280202402	7.192953446	7.197374547	7.230697296	7.045650903	7.027277507	6.968090678	6.973502706
YALI1_D07162g	YALI0D05547g1_1	Q6CA64	6.474560433	6.487402644	6.428930157	6.679836438	6.761487776	6.737022828	6.757027052	6.815778141	6.783879732	6.76438967	6.792736078
YALI1_E32603g	YALI0E27654g1_1	F2Z627	6.245614038	6.209341003	6.371257842	7.0605076	7.206612906	7.187514936	7.12895846	7.051863093	6.898455845	6.88477851	6.83762185
YALI1_E27441g	YALI0E23287g1_1	Q6C4W0	6.988002676	6.966368831	6.97139575	7.520740435	7.550407502	7.66256323	7.52471185	7.019305147	7.111191711	6.997619036	7.151870093
YALI1_B00578g	YALI0B00572g1_1	Q6CG63	6.819804609	6.858220668	6.783862873	7.029584153	7.045953355	7.000628897	7.009436592	6.868312628	6.843941376	6.856171864	6.822177114
YALI1_D10693g	YALI0D08338g1_1	Q6C9U3	7.145795098	7.141875239	7.184270177	6.837557888	6.807058725	6.876887538	6.944783651	7.11058605	7.012439471	7.102259955	7.110887958
YALI1_D32268g	YALI0D24431g1_1	Q6C7Y1	7.486106683	7.520244112	7.425104457	7.7836907	7.8117121	7.844563837	7.86374688	7.641993276	7.629516584	7.618114399	7.603332185
YALI1_E41251g	YALI0E34749g1_1	Q6C3H7	6.882542715	6.899663239	6.728863634	6.920516694	6.920639754	6.988297461	6.736727366	7.610824613	7.561276351	7.620825202	7.566321079
YALI1_E02481g	YALI0E02024g1_1	Q6C7C1	7.571176272	7.583652422	7.58123619	6.51076255	6.738859993	6.861684547	6.532847883	7.563959266	7.488756763	7.602601899	7.566372591
YALI1_E17389g	YALI0E14366g1_1	Q6C5X3	6.793409678	6.85864269	6.804945568	7.076838612	6.973333372	7.017819271	7.09005619	6.491694787	6.479767296	6.593912312	6.436666457
YALI1_B30275g	YALI0B23430g1_1	Q6CDJ6	7.127250829	7.131044904	7.080743678	6.939908804	6.848136185	6.837909619	6.832854027	7.028273217	6.978739121	6.959917143	6.926005229
YALI1_F04045g	YALI0F02805g1_1	Q6C342	7.713769288	7.697455501	7.611601714	7.628239476	7.572862676	7.590420042	7.603802893	7.393987535	7.428345174	7.373930608	7.398785364
YALI1_A10857g	YALI0A10747g1_1	Q6CHA5	7.51067176	7.463073348	7.465736593	6.878873764	7.036180224	6.834256368	6.814202912	7.465043894	7.460738508	7.34515728	7.479810249
YALI1_D23067g	YALI0D18403g1_1	Q6C8M8	6.784976093	6.814774006	6.812006231	6.685353405	6.652745502	6.714117606	6.535219621	6.998564555	6.955842911	7.016032086	6.95104535
YALI1_D14489g		Q6C9F3	6.69760602	6.637808907	6.65414817	6.519176997	6.503643082	6.461116809	6.468701356	6.747960552	6.704006699	6.635474546	6.646835522
YALI1_B07598g	YALI0B05566g1_1	Q6CFM7	6.701945698	6.712100192	6.752040876	6.517393114	6.51113934	6.495952965	6.518307087	6.640735346	6.668604159	6.715805049	6.656179961
YALI1_C32886g	YALI0C23859g1_1	F2Z630	7.428579655	7.304618302	7.198400653	6.541061296	6.681230964	6.608213257	6.46726661	7.270953637	7.158764468	7.202770273	7.146425226
YALI1_F14136g	YALI0F10461g1_1	Q6C266	6.661721066	6.757322959	6.744195596	7.049102452	7.016179892	7.117503922	7.117815457	7.027742317	7.01672873	7.059744956	7.012630257
YALI1_B08321g	YALI0B06248g1_1	Q6CFK2	7.054009133	7.062438994	7.093887669	7.296094795	7.264538256	7.358341862	7.364869228	7.142248671	7.157435457	7.189756961	7.139777117
YALI1_D02444g	YALI0D02167g1_1	Q6CAJ7	7.191901308	7.152771414	7.076712557	6.589959995	6.726056222	6.733787527	6.618613319	7.079932551	7.075086258	7.016114482	7.082542795
YALI1_F10990g	YALI0F07667g1_1	Q6C2I3	6.592781283	6.61044289	6.605428587	6.922132115	6.895654658	6.847442368	6.879294534	6.59959748	6.673974212	6.642248347	6.704024981
YALI1_E32816g	YALI0E27808g1_1	Q6C4C9	7.402739848	7.376714638	7.378847493	7.246014319	7.256363776	7.25706484	7.24882098	7.395841563	7.367635508	7.335907446	7.36039131
YALI1_B17871g	YALI0B13420g1_1	Q6CES3	7.019775484	7.002026504	7.015248154	7.155258652	7.130788255	7.148573695	7.139777285	7.031556924	7.061506933	7.020322523	7.063797951
YALI1_E02906g			7.480808016	7.543790102	7.336804641	7.938912697	7.971176703	8.027586099	7.979434768	7.895524237	7.864806666	7.81903309	7.852756918
YALI1_F22794g	YALI0F16984g1_1	Q6C1E6	6.814388287	6.732285736	6.776156913	7.101559922	7.019144352	6.99450157	7.049970834	6.854174208	6.771710848	6.770972727	6.905804851
YALI1_C04067g	YALI0C03003g1_1	Q6CD80	7.816717844	7.838466671	7.779863038	7.604063886	7.618062372	7.635777612	7.621428201	7.788736137	7.770131594	7.802417453	7.736443908
YALI1_E03762g	YALI0E03146g1_1	Q6C776	7.132813371	7.136736157	7.162924963	6.773719449	6.879656236	6.841588564	6.81796428	7.123594974	7.040610863	7.055345101	7.021944706
YALI1_E01798g	YALI0E01276g1_1	Q6C7F3	6.710221868	6.697289087	6.783929873	6.574532788	6.386012716	6.532092451	6.471807814	6.827795447	6.740531413	6.848583804	6.7749374
YALI1_C30320g	YALI0C22000g1_1	Q6CB46	7.407290722	7.478394094	7.463975161	6.94392518	7.076494259	6.917797775	6.999517611	7.416566727	7.399521709	7.503378055	7.335009579
YALI1_D13510g	YALI0D10813g1_1	Q6C9J1	7.169372365	7.174077389	7.040607909	6.878597291	6.955680969	6.847059169	6.716717011	7.431916849	7.34318806	7.273490667	7.348701429
YALI1_B08193g	YALI0B06116g1_1	Q6CFK6	6.708292255	6.664424337	6.637002887	6.889840009	6.903655562	6.918709834	6.85140023	6.851932157	6.895901854	6.854566078	6.88130298
YALI1_F08260g	YALI0F05522g1_1	Q6C2S6	7.748761852	7.72897229	7.747328289	7.904868655	7.923638385	7.933470128	7.894308245	7.820430597	7.823152124	7.894158732	7.796640446
YALI1_A06594g	YALI0A06908g1_1	Q6CHN5	7.187056097	7.281704221	7.232763374	6.786800009	6.792500211	6.860345988	6.825219099	7.106305908	7.021548748	7.161108094	7.026165275
YALI1_D07576g	YALI0D05929g1_1	Q6CA49	6.908552561	6.765749218	6.782725094	7.235404141	7.319924766	7.359514166	7.336250967	7.112981014	7.100141827	7.003635094	7.040294224
YALI1_D03865g	YALI0D03069g1_1	Q6CAG1	6.640356129	6.659184552	6.58557604	6.398405088	6.46852982	6.422994863	6.406440315	6.674288482	6.618063612	6.672255704	6.693367271
YALI1_C32184g	YALI0C23364g1_1	Q6CAY4	6.943668073	6.985911614	6.965392455	7.308632325	7.192430096	7.243814315	7.236838272	7.041393214	6.972571649	7.007992687	6.940788279
YALI1_D16144g	YALI0D13002g1_1		6.952859191	7.029929417	7.009279173	7.482577837	7.34138725	7.38441084	7.504478695	7.204669047	7.164612055	7.194935505	7.15478161
YALI1_D12832g	YALI0D10131g1_1	Q6C9L5	6.992504855	6.997629991	6.937824544	6.53147416	6.471688119	6.478363688	6.497816119	6.987552758	6.799425792	6.965548038	6.798449559
YALI1_D34487g	YALI0D26103g1_1	Q6C7R2	6.834856325	6.776763034	6.752343996	6.546187575	6.529929461	6.56109784	6.475879842	6.759681244	6.778366061	6.707986332	6.763332005
YALI1_C32223g	YALI0C23379g1_1	B5FVD6	6.773361283	6.782193268	6.783818004	6.511477787	6.567666337	6.571726352	6.501308366	6.738714846	6.750071133	6.677612523	6.770548814
YALI1_E09329g	YALI0E07766g1_1	Q6C6P0	6.625986887	6.809855933	6.697987006	7.229855017	7.195177131	7.213791008	7.347374502	7.194818669	7.189517267	7.245506284	7.098674721
YALI1_E25267g	YALI0E21175g1_1	Q6C542	6.416913818	6.485838556	6.302688187	6.0907097	6.111819189	6.036296356	6.004885403	6.413464988	6.372299024	6.403297845	6.29569793
YALI1_E14505g	YALI0E11671g1_1	Q6C682	7.175172814	7.227141539	7.209537021	6.842568942	6.83983601	6.755533047	6.931942951	7.191096145	7.122194343	7.140224322	7.105461227
YALI1_E34072g	YALI0E28787g1_1	Q6C490	7.113778804	7.234956904	7.208334486	6.863679457	6.87730523	6.881579252	6.833922854	7.071890348	7.035966205	7.137364603	7.015633363
YALI1_B24638g	YALI0B18898g1_1	Q6CE35	6.652457164	6.706067745	6.674930354	7.016314012	6.895342719	6.866028789	6.895057438	6.581248742	6.562954366	6.573966962	6.477422026
YALI1_F16035g	YALI0F12155g1_1	Q6C1Z3	7.308044774	7.329423381	7.246412375	7.379615557	7.339409944	7.314504913	7.386599391	7.204391377	7.239278981	7.151097958	7.199064933
YALI1_D20473g	YALI0D16643g1_1	Q6C8V7	7.494863438	7.519753148	7.581139265	7.272468632	7.34885723	7.381557855	7.405330822	7.423378327	7.424078591	7.490905362	7.454359901
YALI1_E27871g	YALI0E23562g1_1	Q6C4U7	7.643194866	7.624842644	7.684891344	7.823443793	7.843191556	7.826748226	7.800289252	7.682921344	7.690062896	7.755633687	7.7118595
YALI1_F29139g	YALI0F22011g1_1	Q6C0T0	6.832232296	6.788478725	6.782859591	6.623914228	6.693324079	6.669029122	6.563262647	6.946196419	6.902708283	7.002265824	6.861687942
YALI1_E33056g	YALI0E27962g1_1	Q6C4C2	7.254885265	7.312184548	7.278752702	6.948667124	6.932549736	6.806428754	6.869017655	7.102334994	7.102535024	7.186967704	7.061147121
YALI1_D26051g	YALI0D20526g1_1	Q6C8D6	7.276537202	7.454075253	7.574735151	6.817178938	6.854606683	6.758079547	6.714627434	7.336763031	7.232033784	7.417757954	7.394579188
YALI1_F02309g	YALI0F01496g1_1	Q6C399	7.697815773	7.76487299	7.766158562	7.357321067	7.430995163	7.27037656	7.417889534	7.751705962	7.692766815	7.78572313	7.665904346
YALI1_C33299g	YALI0C24255g1_1	Q6CAU5	7.387015821	7.415698545	7.363123153	7.729076652	7.603560572	7.586094536	7.67417001	7.377906114	7.414785567	7.346982653	7.416120053
YALI1_C32609g	YALI0C23617g1_1	P41943	7.582329913	7.60012764	7.641399818	7.045397713	7.213450559	7.270753269	7.104420716	7.432047944	7.396993464	7.413247417	7.385229175
YALI1_D13545g	YALI0D10835g1_1	Q6C9J0	6.842317757	6.90365637	6.72154581	7.401962207	7.246334429	7.343391014	7.426086494	7.041106152	6.976083233	6.942857596	6.89744543
YALI1_E19371g	YALI0E16214g1_1	Q6C5Q1	6.662865051	6.605325519	6.656666723	6.943125642	6.957966126	6.955895575	6.95935121	6.97954486	6.870782239	6.850383481	6.831741526
YALI1_F32330g	YALI0F25003g1_1	Q6C0G2	6.329174891	6.521223704	6.403033209	6.781093831	6.763040938	6.75087424	6.794822752	6.516184067	6.459330637	6.457183366	6.502077717
YALI1_B15928g	YALI0B12078g1_1	Q6CEX7	6.824455673	6.887334655	6.817513884	6.425618064	6.43845829	6.375201984	6.544503332	6.638825408	6.623838095	6.700589583	6.600291414
YALI1_D07981g	(YALI0D06215g1_1-YALI0D06215g2_1)	Q6CA37	7.486886646	7.492253911	7.484741325	7.268843221	7.295078514	7.322008244	7.340284731	7.445829775	7.420418934	7.410142737	7.380283799
YALI1_E31005g	YALI0E26125g1_1	Q6C4K0	7.823656247	7.59372985	7.572252241	6.535006033	6.852150384	6.966877836	6.626892219	7.808822877	7.744780936	7.53902276	7.706776224
YALI1_E17935g	YALI0E14949g1_1	Q6C5V2	7.10313408	7.087798419	7.024834571	7.22726923	7.308218772	7.315619727	7.316850864	7.327025409	7.33383077	7.284361027	7.317743669
YALI1_E01105g	YALI0E00726g1_1	Q6C7H8	7.310339749	7.25508958	7.166887351	7.456865864	7.467167699	7.452601675	7.455629804	7.276389758	7.27655504	7.259350093	7.258435548
YALI1_B29419g	YALI0B22506g1_1	Q6CDN8	7.136249505	7.168380878	7.304410091	7.534115247	7.658618644	7.694171544	7.540944159	7.017390961	6.933096643	6.766342368	7.040560854
YALI1_A03721g	YALI0A03443g1_1	Q6CHY6	6.803733654	6.703996489	6.715401662	6.868408411	6.841241119	6.835846777	6.836388759	6.72202477	6.690909692	6.632297691	6.616200328
YALI1_B20289g	YALI0B15444g1_1	P38997	6.952318141	6.997164064	6.953957472	6.849751178	6.904274634	6.913410262	6.83975487	7.181996556	7.106187898	7.129198018	7.0737823
YALI1_D02041g	YALI0D01738g1_1	Q6CAL4	7.269492859	7.369955796	7.395355784	6.985082567	6.932516908	7.027693809	7.050156383	7.179566282	7.128210291	7.244093827	7.141997501
YALI1_C27543g	YALI0C19624g1_1		7.207518033	7.284341441	7.279461265	6.801295457	6.816372011	6.739273341	6.884438215	7.090790354	6.993602684	7.178691965	7.035000379
YALI1_B29310g	YALI0B22484g1_1	Q6CDN9	6.465196383	6.463029379	6.37031104	6.870951884	6.813759563	6.798900727	6.921720535	6.645898957	6.590682104	6.614766269	6.486038185
YALI1_A06672g	YALI0A07018g1_1	Q6CHN0	7.249636162	7.285760233	7.295726406	7.092813409	7.140775601	7.092797106	7.105338254	7.289684462	7.284704979	7.293304228	7.21175097
YALI1_B16277g	YALI0B12364g1_1	Q6CEW5	7.036243248	7.063874645	6.944979915	6.673422431	6.627519747	6.754244017	6.605880274	6.875436513	6.905064654	6.890402785	6.879115839
YALI1_D31186g	YALI0D23969g1_1	Q6C7Z9	6.904535045	7.026936052	6.879310586	7.413175995	7.343864646	7.330351762	7.341138637	7.188374056	7.199082803	7.265638831	7.113655426
YALI1_F22750g	YALI0F16940g1_1	Q6C1E8	6.701339645	6.763365135	6.675385483	6.554799037	6.562312565	6.600996416	6.603255478	6.8025477	6.780250315	6.85797391	6.782260766
YALI1_E07347g	YALI0E06061g1_1	Q6C6U9	6.78568409	6.905980429	6.826055544	7.138660926	7.095065752	7.120043649	7.189763372	6.824587703	6.848343611	6.893304868	6.753967101
YALI1_B05798g	YALI0B04312g1_1	Q6CFS3	7.004740998	6.929702355	6.849776754	7.014876898	7.090282653	7.122315525	7.098116528	6.755373687	6.793605247	6.740399256	6.771182993
YALI1_B25553g	YALI0B19492g1_1	Q6CE13	7.212030908	7.056724805	7.002730606	6.674407895	6.905363686	6.853537882	6.733034191	7.471015792	7.440959267	7.296748184	7.407568335
YALI1_A05459g	YALI0A05379g1_1	Q6CHS7	6.884737648	6.928384803	6.898865408	6.54719346	6.326205197	6.510163209	6.402982434	6.781173788	6.772250595	6.886511032	6.718215728
YALI1_E24360g	YALI0E20515g1_1	Q6C572	6.724917835	6.709749538	6.755968236	6.31557599	6.462324009	6.379490983	6.343303452	6.672729063	6.645854999	6.663637817	6.531035621
YALI1_E10013g	YALI0E08206g1_1	Q6C6M4	6.808026768	6.80827615	6.847744352	6.938457778	6.966114202	7.048914004	7.006483744	6.824720729	6.877889422	6.94342371	6.844041356
YALI1_C05088g	YALI0C03828g1_1	Q6CD47	6.023340754	6.079585963	6.080679044	6.330118352	6.448243837	6.51980011	6.456713824	6.186445295	6.160917579	6.15927859	6.064277153
YALI1_D00888g	YALI0D00825g1_1	Q6CAQ4	7.096717133	7.114894108	7.02546393	6.50120799	6.692956753	6.759141647	6.644516636	7.091258084	7.088052122	7.007963765	7.040372791
YALI1_F19345g	YALI0F14509g1_1	Q6C1P6	7.292246819	7.256509662	7.244478521	7.013846988	7.150849237	7.117035731	7.088313035	7.355240457	7.334900265	7.314554268	7.319998405
YALI1_E15452g	YALI0E12463g1_1	Q6C648	7.053168951	7.042786518	7.019570649	6.805523925	6.903963884	6.904719915	6.749212038	7.117159253	7.116326594	7.087787265	7.055132673
YALI1_E23610g	YALI0E19701g1_1	Q6C5A4	6.62091993	6.461492299	6.605083819	6.976196635	7.135088881	7.147899239	7.044669984	6.742816024	6.589940417	6.763545172	6.728160759
YALI1_F09747g	YALI0F06578g1_1	Q6C2M6	6.696754129	6.836760894	6.727956795	6.684603936	6.710327601	6.691659932	6.672333162	6.955371595	6.92115446	7.016883488	6.948933973
YALI1_E34784g	YALI0E29403g1_1	Q6C462	7.799252698	7.847139252	7.751063079	8.062872708	7.99813628	8.054799912	7.974235963	7.851732191	7.801460759	7.821141742	7.803341032
YALI1_C15964g	(YALI0C11385g1_1-YALI0F25883g1_1)		7.614444003	7.563924837	7.595391179	7.380655752	7.465346633	7.552712663	7.404053106	7.763114228	7.76835648	7.730698613	7.793856714
YALI1_D31155g	YALI0D23947g1_1	Q6C800	6.976722291	7.120582627	7.335316692	6.478568372	6.544688772	6.327173629	6.376201313	6.966298615	6.91776648	7.063354673	7.100877206
YALI1_F32067g	YALI0F24717g1_1	Q6C0H2	6.773443791	6.814068048	6.881722251	7.121486283	6.995760347	7.077120194	7.120969194	6.811954212	6.824614714	6.819397699	6.864548116
YALI1_F37714g	YALI0F30129g1_1	Q6BZX6	6.841969421	6.880803943	6.84939962	7.106129548	7.005393058	7.068229312	7.110667796	6.721118596	6.708347084	6.809866019	6.603961166
YALI1_C26377g	YALI0C19107g1_1	Q6CBG3	7.000457017	7.22576362	7.112823712	7.996874958	7.697680364	7.782231994	8.094973855	7.276260524	7.152464946	7.274240445	7.09349055
YALI1_D08251g	YALI0D06435g1_1	Q6CA27	6.651952448	6.6309113	6.643899611	6.749509521	6.770355471	6.797332333	7.299199712	6.757052116	6.738043278	6.736626982	7.227068324
YALI1_D02087g	YALI0D01804g1_1	Q6CAL1	6.370842108	6.365319945	6.407692758	6.641445761	6.638712797	6.780892306	6.721815829	6.600176805	6.534835568	6.523409875	6.561924607
YALI1_B20577g	YALI0B15686g1_1	Q6CEH0	6.77441735	6.80245491	6.799795884	6.606473903	6.544265836	6.57580569	6.637682246	6.651156344	6.708823939	6.70248919	6.664357108
YALI1_E12793g	YALI0E10175g1_1	Q6C6E4	6.912711735	6.973097576	6.910534211	7.223707784	7.178468552	7.1887509	7.31730068	6.765559463	6.881482831	6.938660692	7.015477235
YALI1_E40502g	YALI0E34155g1_1	Q6C3K1	6.912827157	6.920443998	6.937760843	6.55541439	6.688906528	6.681717737	6.698409252	6.942896683	6.896058652	6.919349735	6.848057124
YALI1_D12750g	YALI0D10065g1_1	Q6C9L9	6.623354072	6.650163262	6.590676131	6.933535094	6.854058547	6.816979849	6.840389776	6.679103172	6.699602641	6.648870509	6.748842175
YALI1_C28310g	YALI0C20265g1_1	Q6CBB8	6.19497445	6.453622326	6.154074916	6.968847396	6.8013869	6.829293329	6.981123645	6.556828511	6.544315849	6.557068121	6.485573639
YALI1_F36966g	(YALI0F29337g1_1-YALI0F29337g2_1)	Q6BZZ9	7.380078662	7.391910025	7.410384989	7.229123598	7.239252043	7.239622394	7.20480767	7.486941141	7.386206252	7.47185367	7.356520549
YALI1_E20923g	YALI0E17655g1_1	Q6C5J1	6.560533319	6.593092246	6.582655237	6.899687488	6.853598042	6.851323866	6.878430082	6.621901088	6.793286052	6.721868303	6.678463954
YALI1_E23292g	YALI0E19448g1_1	Q6C5B6	6.896275421	6.869359577	6.867686082	7.180902684	7.125085734	7.158685041	7.16377276	6.950097484	6.969390823	6.852498183	7.036037585
YALI1_C07816g	YALI0C06083g1_1	Q6CCW0	6.822147954	6.907669251	6.788858172	6.637490279	6.681362377	6.7074931	6.689875997	7.038596602	6.915792016	6.959242079	6.934090075
YALI1_F31744g	YALI0F24365g1_1	Q6C0I6	6.398036251	6.261685086	6.554515375	6.847345466	6.853408559	6.928844219	6.914845141	6.488820316	6.39741476	6.586740291	6.736532024
YALI1_B24351g	YALI0B18744g1_1	Q6CE41	6.904026053	6.815960593	6.731385486	7.034421206	6.999331617	7.033991192	7.137292399	6.703538599	6.752029077	6.697816687	6.678120843
YALI1_C01720g	YALI0C01221g1_1	Q6CDE2	7.404079686	7.335045953	7.275093173	7.0197354	7.046106432	7.065452514	6.968261713	7.323127684	7.248628874	7.174651871	7.262388167
YALI1_D35787g	YALI0D27170g1_1	Q6C7L2	6.739705591	6.813421433	6.784568199	6.509525153	6.479503943	6.450818677	6.546439904	6.636685354	6.668991806	6.747421048	6.621936633
YALI1_D04128g	YALI0D03245g1_1	Q6CAF5	7.812323963	7.608234753	7.728192671	6.948739323	7.137799869	6.984523537	6.796215793	7.516562385	7.71848193	7.433392423	7.724613026
YALI1_F08705g	YALI0F05874g1_1	Q6C2Q9	7.41333398	7.541311166	7.508795937	7.21842081	7.054801597	7.126307918	7.144933756	7.206108563	7.193967395	7.262622608	7.16199112
YALI1_F36733g	YALI0F29139g1_1	Q6C005	7.67840966	7.417412971	7.516769627	6.69354616	6.577939471	7.011903058	6.708213127	7.86679697	7.629740724	7.509474702	7.506458188
YALI1_C14273g	YALI0C10142g1_1	Q6CCE1	6.594154917	6.47680437	6.58451378	6.092501786	6.127290702	6.092944709	6.130900594	6.535541338	6.327282653	6.580495739	6.380216276
YALI1_E20995g	YALI0E17699g1_1	Q6C5I9	7.037888681	7.109351114	7.067245989	6.833756394	6.750478908	6.731490474	6.75959335	6.904040338	6.889721474	7.000054795	6.863287731
YALI1_F24228g	YALI0F18260g1_1	Q6C192	7.106874355	7.117009328	7.199384552	7.045395538	7.043371386	7.068485158	7.072030652	7.13532692	7.160377931	7.211432307	7.244718429
YALI1_B26984g	YALI0B20636g1_1	Q6CDW7	6.673552827	6.656877753	6.663589558	6.520325866	6.4052147	6.422728779	6.416418831	6.604948565	6.705195866	6.716328084	6.711979364
YALI1_D10197g	YALI0D07942g1_1	Q6C9V7	7.120094591	7.027925515	7.016135861	6.652166606	6.833053866	6.79165927	6.714049017	7.234775411	7.098555594	7.096751894	7.09329012
YALI1_B21493g	YALI0B16500g1_1	Q6CED6	7.277253691	7.367520548	7.331555162	7.617439182	7.507591946	7.559443197	7.559013153	7.360283128	7.345874767	7.308076839	7.408914444
YALI1_D24626g	YALI0D19382g1_1	Q6C8I3	6.879821892	7.027913295	7.007426393	6.693172024	6.863641668	6.776877939	6.850534406	6.645194968	6.861812678	6.796998013	6.941665888
YALI1_D11256g	YALI0D08778g1_1	Q6C9S3	7.074268198	7.125421813	7.175217766	6.707613361	6.49167799	6.538667186	6.338597398	6.809220507	6.833042855	6.793742883	6.89728669
YALI1_E36540g	YALI0E31064g1_1	Q6C3Z4	5.742749528	6.251370978	6.305893708	6.166528935	6.517571803	6.56183491	6.695039393	NA	6.208836935	6.199637133	6.360765045
YALI1_F06351g	YALI0F04169g1_1	Q6C2Y0	7.082587456	6.992530891	6.947798701	6.773668406	6.857307582	6.891624662	6.686291669	7.213166068	7.186611889	7.152804873	7.170075099
YALI1_F03136g	YALI0F02013g1_1	Q6C376	6.895116975	6.929756274	6.882722957	7.271786372	7.196000181	7.084780927	7.139639902	6.926167935	6.835481313	6.765833444	6.943842316
YALI1_C23902g	YALI0C16753g1_1	Q6CBP5	7.809668221	7.751630139	7.650433802	7.7147901	7.704780528	7.664591357	7.629109324	7.887365557	7.828951578	7.792107963	7.77448713
YALI1_D06380g	YALI0D04983g1_1	Q6CA86	7.154262664	7.059207712	7.084126359	7.229576091	7.286021496	7.262974105	7.269626427	7.121262353	7.097332127	7.056416116	7.110837641
YALI1_B19276g	YALI0B14641g1_1	Q6CEL9	7.067233321	7.093367661	7.054679536	7.295886259	7.196336024	7.243610497	7.245906905	7.136343403	7.164260876	7.11003884	7.130088525
YALI1_E27383g	YALI0E23243g1_1		7.147019969	7.072263542	7.116963825	7.353127054	7.395758446	7.359116111	7.318252032	7.162791138	7.227916621	7.089569254	7.1871477
YALI1_E04499g	YALI0E03718g1_1	Q6C752	6.934518486	7.031686574	7.007437099	6.735160736	6.687082543	6.689982283	6.768373224	6.986621672	6.907653304	7.036525622	6.90745967
YALI1_F01078g	YALI0F00682g1_1	Q6C3D2	7.957336504	7.924415337	7.881266517	8.231534782	8.113434495	8.112757134	8.239933621	7.986423802	7.975992552	8.013154431	7.988476623
YALI1_E03067g	YALI0E02420g1_1	Q6C7A3	7.199611563	7.150150355	7.168415601	7.268031021	7.255025433	7.236666469	7.264207582	7.208411545	7.207328026	7.187254116	7.180471186
YALI1_F37463g	YALI0F29909g1_1	Q6BZY5	7.432901973	7.433956563	7.637193973	6.990455972	6.997646492	6.727590605	6.754807857	7.3969533	7.470492916	7.435684507	7.6632484
YALI1_E36404g	YALI0E30943g1_1	Q6C400	7.083713545	7.162870442	7.132136551	6.90415549	6.899682502	6.842535595	6.94587663	7.115317685	7.108382501	7.193896038	7.063644332
YALI1_C16150g	YALI0C11495g1_1	Q6CC87	6.757069241	6.55279223	6.613448937	6.91267842	6.851646401	6.953017057	6.856141948	6.895389469	6.811255721	6.858657711	6.824646354
YALI1_B04540g	YALI0B03080g1_1	W0TYP4	7.540198032	7.556581734	7.554493208	7.257141735	7.036091519	7.137330196	7.225048504	7.227946322	7.274518951	7.335663957	7.233441739
YALI1_F01897g	YALI0F01166g1_1	Q6C3B0	6.431134987	6.549523652	6.493511628	6.234610828	6.346360922	6.351928171	6.373933096	6.338100334	6.435879149	6.468748812	6.406207731
YALI1_E27880g	YALI0E23584g1_1	Q6C4U6	7.632879751	7.504379969	7.340682857	7.911440667	7.826567785	7.86403754	7.85680398	7.662298608	7.638252737	7.429434826	7.591100469
YALI1_D18014g	YALI0D14784g1_1	Q6C927	6.769560835	6.699198651	6.760835501	6.48506148	6.546318655	6.557348326	6.510669939	6.642201231	6.623888679	6.739030569	6.714881936
YALI1_C29141g	YALI0C21087g1_1	Q6CB88	7.019723151	6.997037026	6.920735839	7.155787537	7.19365175	7.204296953	7.184814392	7.104288471	7.115761687	7.035749121	7.054276581
YALI1_E15398g	YALI0E12419g1_1	Q6C650	6.930389713	7.035531576	7.00308881	6.784961371	6.691729627	6.673631384	6.774105915	7.016822073	6.934728409	7.037813495	6.940440382
YALI1_E26811g	YALI0E22649g2_1	Q6C4Y7	7.225846726	7.220920073	7.252959588	7.074520271	7.153348746	7.099833081	7.05409657	7.246458477	7.306769054	7.244423127	7.311277329
YALI1_F03803g	YALI0F02497g1_1	Q6C354	7.815834442	7.786350728	7.844728775	7.548445633	7.668438216	7.571156201	7.476857479	7.801969498	7.82546036	7.77988428	7.836391748
YALI1_E41061g	YALI0E34573g1_1	Q6C3I3	7.263428609	7.259891392	7.257222618	7.42499683	7.541562106	7.53611888	7.498973703	7.349922636	7.350201936	7.241986657	7.272306097
YALI1_B12409g	YALI0B09273g1_1	Q6CF88	7.316212313	7.164989544	7.068629171	6.745114248	6.750235463	7.084548847	6.775211049	7.460187716	7.472246715	7.509195939	7.423051716
YALI1_F13908g	YALI0F10219g1_1	Q6C272	7.415376491	7.392451765	7.390947224	7.408338487	7.228997264	7.216510222	7.105404024	7.566097587	7.494856714	7.503184579	7.4285176
YALI1_B18955g	YALI0B14399g1_1	Q6CEN0	7.313085223	7.312563514	7.262047786	7.332839214	7.293675028	7.270515177	7.134646729	7.462666894	7.393312181	7.426228883	7.349306608
YALI1_E20159g	YALI0E16907g1_1	Q6C5L9	6.865816686	6.859660463	6.841115637	6.440311891	6.501453459	6.378572969	6.274974447	6.538379956	6.522902069	6.711425704	6.658062728
YALI1_E03789g	YALI0E03168g1_1	Q6C775	6.190283652	6.398035516	6.118814969	6.736415263	6.71282634	6.565508993	6.727998115	6.542605964	6.401001016	6.321634233	6.434497206
YALI1_C16485g	YALI0C11803g1_1	Q6CC75	6.68666892	6.679152042	6.706520337	6.856542104	6.910487923	6.887001049	6.932508729	6.772318122	6.721462313	6.766269397	6.646122675
YALI1_D35768g	YALI0D27148g1_1	Q6C7L3	7.152479881	7.183559061	7.140800244	7.376480054	7.311748836	7.362530927	7.414315351	7.298599065	7.232745624	7.197728843	7.220487662
YALI1_C10492g	YALI0C07887g1_1	Q6CCN7	6.728820322	6.822560295	6.769636999	6.960745359	7.002094994	6.914795054	6.968643592	6.986708401	6.961279769	6.875314101	6.969121379
YALI1_B14121g			7.107760938	7.369836753	7.321800079	6.793239828	6.79841841	6.739766505	6.885014603	7.218627961	7.171367476	7.410297112	7.227516016
YALI1_B04309g	YALI0B02852g1_1	Q6CFX1	6.82197959	6.832685019	6.905324981	6.753369224	6.68703254	6.736433555	6.699850661	6.815377896	6.794459023	6.825095269	6.802677876
YALI1_D11686g	YALI0D09229g1_1	Q6C9Q2	7.260379753	7.256725634	7.188886151	6.886869155	6.875054689	7.035692657	6.812929035	7.305455955	7.186454012	7.171202812	7.195399663
YALI1_C33314g	YALI0C24277g1_1	Q6CAU4	6.180397911	6.307861431	6.364752424	6.570867326	6.697003567	6.59373417	6.746580161	6.425883323	6.37067406	6.385731139	6.497838206
YALI1_E25713g	YALI0E21692g1_1	Q6C522	7.031690871	6.964085143	6.933381306	6.804261039	6.827418801	6.811975237	6.74129145	6.912066529	6.877884512	6.880935233	6.883195494
YALI1_E41315g	YALI0E34793g1_1	Q6C3H5	7.332783326	7.391629619	7.346754408	7.699733355	7.575112155	7.615398753	7.774282767	7.409390424	7.424611847	7.486518867	7.391013218
YALI1_F14729g	YALI0F11077g1_1	Q6C241	6.799277437	7.03894372	7.085903748	6.474628649	6.592100197	6.580942626	6.456980122	6.91811625	6.813936372	7.0889676	7.0044334
YALI1_E30400g	YALI0E25652g1_1	Q6C4M1	6.510734748	6.463068103	6.429425322	6.781693722	6.653410059	6.602107911	6.649806244	6.575246577	6.56422244	6.420172306	6.549736856
YALI1_D28569g	YALI0D22484g1_1	Q6C859	7.452607858	7.414417152	7.342238795	7.627896494	7.588624864	7.54207522	7.558811746	7.434673205	7.501546333	7.455495223	7.452583724
YALI1_E03300g	YALI0E02684g1_1	Q6C793	7.833207287	7.864927148	7.950002443	7.667936088	7.727914023	7.646812438	7.64640349	7.711301003	7.716442281	7.74748102	7.745770997
YALI1_E02529g	YALI0E02046g1_1	Q6C7C0	7.032671867	6.981168341	7.003219235	6.756820615	6.802139885	6.750964852	6.81793657	6.804725268	6.92524995	6.869756476	6.811160239
YALI1_C06259g	YALI0C04774g1_1	Q6CD10	6.716965208	6.680308014	6.576065595	6.920722582	6.944590518	6.993501764	6.973450654	6.912184058	6.89096608	6.768799516	6.865423108
YALI1_E31685g		Q12724	7.56171263	7.528759871	7.536327498	7.442656571	7.391010265	7.379921022	7.440394984	7.515903823	7.517643128	7.458561058	7.46968276
YALI1_A19885g	YALI0A18942g1_1	Q6CGI9	6.800938688	6.746705139	6.7665959	6.957199296	6.85420041	6.922150064	6.893134232	6.796689039	6.790488703	6.834109598	6.824851831
YALI1_F00654g	YALI0F00484g1_1	Q6C3E1	7.080632947	7.045332842	6.809159156	7.255252194	7.093079318	6.968945616	7.127434707	6.826830748	6.917498071	6.699559886	6.783449382
YALI1_F14882g	YALI0F11231g1_1	Q6C234	6.966914568	7.00080872	6.944788811	7.111022275	7.076630121	7.049933341	7.114808098	7.018142697	7.039450625	6.960758494	6.988063137
YALI1_E41276g	YALI0E34771g1_1	Q6C3H6	7.04675633	7.17252266	7.088931699	6.934968812	6.981423092	6.84166571	6.836623349	7.34779493	7.187756732	7.28315063	7.190150711
YALI1_D15952g	YALI0D12771g1_1	Q6C9A2	6.436716831	6.538348316	6.492439823	6.714585703	6.799226884	6.708094703	6.761003013	6.669917021	6.582612401	6.640948827	6.705074503
YALI1_B07549g	YALI0B05522g1_1	Q6CFM9	6.994245378	7.012879015	6.972515141	6.647135341	6.659736063	6.756271916	6.76711837	6.926102488	6.801400473	6.841955864	6.799308119
YALI1_B26679g	YALI0B20372g1_1	F2Z660	7.72239179	7.779118437	7.736999196	7.908844277	7.886075463	7.887364762	7.961590399	7.798421313	7.842836133	7.847371374	7.793452912
YALI1_F16743g	YALI0F12551g1_1	Q6C1X9	6.943775797	6.906734249	6.937712318	6.810889687	6.836093661	6.885113107	6.848855995	6.550313994	6.727955286	6.725826991	6.621646037
YALI1_E16556g	YALI0E13574g1_1	Q6C605	7.35877318	7.523469657	7.406083419	7.09058095	6.919969414	6.944788575	7.19923398	7.522813513	7.439225835	7.554942075	7.429742982
YALI1_F29078g	YALI0F21967g1_1	Q6C0T2	7.037825339	7.000773149	7.010938122	6.825545635	6.826873291	6.909113189	6.868759308	6.911755972	6.922289258	6.979022543	6.904245912
YALI1_C14787g	YALI0C10494g1_1	Q6CCD1	7.136013856	7.21432522	7.176322132	6.972177219	6.939786634	6.938441711	7.02230856	7.051076548	7.007805508	7.04262388	6.956979624
YALI1_A00746g	YALI0A00594g1_1	Q6CI89	6.845980797	6.863284861	6.830028752	7.019342404	7.013200853	7.104065177	7.134834512	6.833012585	6.774276056	6.67862117	6.85027105
YALI1_C04328g	YALI0C03245g1_1	Q6CD71	6.943503983	6.957089239	6.848263517	6.634538223	6.55792371	6.193375249	6.568076311	6.827593252	6.897900488	6.538445155	6.845935754
YALI1_B09367g	YALI0B07359g1_1	Q6CFG0	7.351833912	7.430981943	7.43385368	7.180448729	7.192299697	7.178329421	7.170683888	7.374188023	7.235944085	7.271395158	7.281503425
YALI1_A00325g	YALI0A00286g1_1	Q6CIA1	7.316592124	7.263816387	7.225601449	7.049570175	7.099978886	7.12205336	7.02429605	7.16150483	7.18218503	7.140332997	7.15264293
YALI1_C07423g	YALI0C05753g1_1	Q6CCX5	6.956792532	6.991426012	7.089431576	6.59409821	6.827686459	6.782515423	6.684303218	6.959602612	6.936169512	7.019872591	6.969060835
YALI1_E26525g	YALI0E22484g1_1	Q6C4Z2	6.954444593	7.000818469	7.073717618	6.583346477	6.747401047	6.695666799	6.512218559	6.909085127	6.851769361	6.843940218	6.858168789
YALI1_D15937g	YALI0D12749g1_1	Q6C9A3	7.444573745	7.430308228	7.360247488	7.355886305	7.267925992	7.260502774	7.330046817	7.421868276	7.414713355	7.361770094	7.394379129
YALI1_E08351g	YALI0E07051g1_1	Q6C6R2	6.906201494	6.981779215	7.000320113	7.166151199	7.234990596	7.146683702	7.215077589	7.143226517	7.087739862	7.158661837	7.068332222
YALI1_D20118g	YALI0D16291g1_1	Q6C8W8	6.33278414	6.299797245	6.368501478	6.168233137	6.180989163	6.064470073	6.123527593	6.364526058	6.3290145	6.293570023	6.26838423
YALI1_D04901g	YALI0D03916g1_1	Q6CAD1	6.477969378	6.495961863	6.635468705	6.720748756	6.704945596	6.803923987	6.829692606	6.656913862	6.72491368	6.774356946	6.67646426
YALI1_B20462g	YALI0B15598g1_1	Q6CEH4	7.999260066	7.97132931	7.97768103	7.58624362	7.737207665	7.797736812	7.666717284	7.99413673	7.919483745	7.924752391	7.89378268
YALI1_E31827g	YALI0E26895g1_1	Q6C4G9	6.811795307	6.84181061	6.82330549	7.103508493	6.997918534	7.042952131	7.173357056	6.946850977	6.844803968	6.900878744	6.879099948
YALI1_F13875g	YALI0F10197g1_1	Q6C273	6.693744763	6.765516548	6.862834151	7.248524967	7.115931981	7.155560515	7.358664826	7.00165421	6.851697254	6.829478383	6.802962797
YALI1_E41367g	YALI0E34826g1_1	B5FVG8	7.041401904	7.218225208	7.095504455	7.567462293	7.337586627	7.447768881	7.64198385	7.088396005	7.012055318	7.131653356	7.066505811
YALI1_F07181g	YALI0F04664g1_1	Q6C2W1	7.012691637	7.011954037	7.032664317	6.824580217	6.800573966	6.941815447	6.913730625	7.024757145	6.998720047	7.030162738	7.021896169
YALI1_F03883g	YALI0F02607g1_1	Q6C351	6.926991425	6.91853621	6.88401663	6.801503905	6.734187875	6.69588256	6.696197819	6.826858341	6.780888058	6.845958634	6.819037812
YALI1_B22020g	YALI0B16918g1_1	Q6CEB7	6.54152497	6.577319047	6.577750171	6.374763137	6.406077654	6.409182156	6.381143477	6.563105307	6.577251868	6.474842114	6.474021941
YALI1_C25598g	YALI0C18425g1_1	Q6CBI6	6.712238828	6.7017049	6.787262469	6.944450296	6.834846128	6.87678148	6.868710716	6.561829789	6.66115296	6.679960089	6.687068629
YALI1_E17594g	YALI0E14641g1_1	Q6C5W3	6.573033	6.479418741	6.635073457	6.814169193	6.895205172	6.820503102	6.921018487	6.639636025	6.676475695	6.579447599	6.724235137
YALI1_D33380g	YALI0D25168g1_1	Q6C7U9	7.816300288	7.907720935	7.895347304	7.603474713	7.589646173	7.664083556	7.668348574	7.783721363	7.711655425	7.810404157	7.695522125
YALI1_D08125g	YALI0D06325g1_1	Q6CA32	7.206388972	7.263165431	7.244187655	7.047929149	7.10208353	7.04581505	7.092133699	7.249906276	7.185093922	7.299188161	7.193912119
YALI1_C05125g	YALI0C03850g1_1	Q6CD46	6.948258867	6.957052424	6.92043018	6.783861828	6.847768103	6.824205815	6.824665349	6.979548993	6.945044931	6.970822198	6.891588539
YALI1_D09534g	YALI0D07458g1_1	Q6C9Y0	7.34231696	7.319565793	7.259233043	7.170358371	7.123438872	7.153233926	7.148287161	7.237278937	7.255143639	7.305074691	7.219656086
YALI1_E04859g	YALI0E04092g1_1	Q6C735	6.880042106	6.956460739	6.882615104	7.10577584	7.02044613	7.03999505	7.107240232	6.913326222	6.920441969	6.958557828	6.906057635
YALI1_E10587g	YALI0E08756g1_1	Q6C6K7	7.024274572	7.031751033	6.9357763	6.591638656	6.750868819	6.782676467	6.570759515	6.964684407	6.931433142	6.909040753	6.937753498
YALI1_A20995g	YALI0A19888g1_1	Q6CGF0	7.44960108	7.305865968	7.316277458	6.678820309	7.095807136	7.03786139	6.660237291	7.578420754	7.534863891	7.456012057	7.546130455
YALI1_D11063g	YALI0D08602g1_1	Q6C9T1	7.34231696	7.319565793	7.259233043	7.170358371	7.123438872	7.153233926	7.148287161	7.237278937	7.262363045	7.304819961	7.216939275
YALI1_F07630g	YALI0F05038g1_1	Q6C2U7	7.036015885	7.00825968	7.036641167	6.825062005	6.912321391	6.8308613	6.731552751	7.032711494	6.994534218	7.011678986	6.98631179
YALI1_D09566g	YALI0D07480g1_1	Q6C9X9	6.688246356	6.712323774	6.722493436	7.195612357	6.95134959	7.132886523	7.139653495	6.746507718	6.687152555	6.494631306	6.791860568
YALI1_C09467g	YALI0C07128g1_1	Q6CCR8	7.082001725	7.178057149	7.210189272	6.861088532	6.968456502	7.001901042	7.005081705	7.170266788	7.10174729	7.230564051	7.137858988
YALI1_C24367g	YALI0C16995g1_1	Q6CBN4	7.170492499	7.138324818	7.056502524	7.323692916	7.288299879	7.274518803	7.268540799	7.367782508	7.267348052	7.334524038	7.217101311
YALI1_F21174g	YALI0F15697g1_1	Q6C1J7	6.929005974	7.099891861	7.095750588	6.720431394	6.589150011	6.562528528	6.717128835	6.862835839	6.833119062	6.99987258	6.86317193
YALI1_C33152g	YALI0C24101g1_1	Q6CAV2	7.289780817	7.24699768	7.192754504	7.393800253	7.395039513	7.360323265	7.474319346	7.317717779	7.267906409	7.15783314	7.236067864
YALI1_C30187g	YALI0C21868g1_1	Q6CB52	7.155752589	7.147043654	7.12427859	7.051117593	7.020615793	7.013675838	6.989692618	7.081805253	7.114974309	7.160957531	7.091453403
YALI1_D21145g	YALI0D17182g1_1	Q6C8T2	6.689552333	6.525572255	6.512429938	6.937623692	6.932973983	6.83921229	6.819199532	6.794566934	6.726434383	6.76862023	NA
YALI1_D06828g	YALI0D05291g1_1	Q6CA74	7.43877937	7.435979581	7.420942945	7.201361455	7.350778446	7.325022891	7.319461597	7.523462525	7.477544148	7.511471336	7.46103567
YALI1_D24054g			7.895745948	7.955641139	7.97736133	7.641648242	7.678582317	7.671111109	7.68109657	7.820842625	7.720941049	7.866935079	7.67944407
YALI1_A21775g	YALI0A20746g1_1	Q6CGB1	7.710942776	7.682986858	7.690001715	7.952793854	7.933871323	7.91968418	8.017423381	7.854956907	7.753466177	7.708106521	7.64086853
YALI1_B12443g	YALI0B09317g1_1	Q6CF87	7.081469804	7.053409811	7.109887115	6.837902885	6.802164106	6.618809997	6.814827946	7.029695152	6.935528837	7.055724084	6.990545447
YALI1_F17203g	YALI0F12815g1_1	Q6C1W7	6.273535145	6.376648641	6.380342221	5.960275593	6.187953112	6.095868401	6.169580588	6.27768405	6.29521888	6.229983597	6.340968374
YALI1_A06453g	YALI0A06787g1_1	Q6CHP1	7.357048032	7.341586547	7.345939336	7.164793132	7.233642548	7.225176679	7.183870439	7.369618305	7.372788051	7.487667657	7.311633371
YALI1_F03389g	YALI0F02145g1_1	Q6C370	7.265246161	7.445280287	7.39603108	6.930632164	6.987302749	6.979879614	6.939819441	7.128076256	7.171470554	6.906233831	7.123705598
YALI1_F34202g	YALI0F26807g1_1	Q6C089	7.464128501	7.387585963	7.370788368	7.223374188	7.210087077	7.133312514	7.207501909	7.305162341	7.327026974	7.407314383	7.292137303
YALI1_D22834g	YALI0D18271g1_1	Q6C8N4	6.740877169	6.682901623	6.835302713	6.433369523	6.53389056	6.534794075	6.342215357	6.741318948	6.770984349	6.730607847	6.881397756
YALI1_C12788g	YALI0C09218g1_1	Q6CCI0	7.390687338	7.195652448	7.34261139	7.540618128	7.637388456	7.652041937	7.601748489	7.444198794	7.389528835	7.306571952	7.39272312
YALI1_D24182g	YALI0D19096g1_1	Q6C8J6	6.555145682	6.565437221	6.552795072	6.410177708	6.492920303	6.428790478	6.618235074	6.554120474	6.545269817	6.580491495	6.812141302
YALI1_F17431g	YALI0F12991g1_1	Q6C1V9	6.546824768	6.601495104	6.433992737	6.992923451	6.833349653	6.671501276	6.899882916	6.648224695	6.69682269	6.585102211	6.700833909
YALI1_F35938g	YALI0F28281g1_1	Q6C029	6.804303901	6.775147466	6.695680362	6.578243966	6.617219355	6.685254385	6.591913855	6.858097011	6.801673096	6.771247866	6.809210378
YALI1_F06018g	YALI0F04015g1_1	Q6C2Y8	7.17315317	7.133649641	7.13895346	6.982709542	7.064347142	6.927680845	6.907093888	7.183271062	7.224055005	7.085331491	7.201889121
YALI1_F20914g	YALI0F15587g1_1	Q6C1K2	7.935584713	7.940523455	8.060034432	7.809093868	7.839108683	7.718709441	7.743599656	7.994974807	7.993984323	7.962242849	8.080223374
YALI1_F33973g	YALI0F26543g1_1	Q6C0A0	7.159512813	7.204176246	7.178724443	7.375827085	7.25086466	7.187050856	7.247973983	7.394972658	7.388374552	7.426846158	7.42952529
YALI1_F19478g	YALI0F14575g1_1	Q6C1P3	7.080565729	7.088210032	7.020470162	7.041464661	6.929187166	6.91894939	6.962925482	6.945548705	6.876385906	6.910883401	6.886060786
YALI1_E30028g	YALI0E25091g1_1	Q6C4N1	7.55784291	7.630710967	7.537345276	7.432225324	7.260353183	7.223342377	7.198300772	7.49493073	7.486978569	7.435799009	7.48356588
YALI1_A22073g	YALI0A21076g2_1	B5U8Q6	6.851542946	6.879314131	6.805410041	6.873681006	6.930127121	6.969447026	6.896450071	6.986498619	6.997902831	7.029254379	6.983767027
YALI1_B02991g	YALI0B02002g1_1	Q6CG05	6.752185671	6.84649925	6.773643838	6.690996565	6.597851722	6.617773081	6.607162336	6.734874642	6.756490416	6.769973226	6.724641026
YALI1_F37011g	YALI0F29381g1_1	Q6BZZ7	6.723025456	6.766446693	6.79001909	6.924358076	6.870797503	6.817490931	6.85007246	6.743144781	6.653210984	6.64139657	6.70263781
YALI1_C02550g	YALI0C01859g1_1	Q6CDB9	7.398050373	7.382178648	7.337091456	7.144897758	7.232071128	7.23350342	7.200450768	7.281961722	7.267416664	7.318519852	7.229072208
YALI1_E01589g	YALI0E01056g1_1	F2Z650	7.392421423	7.36198832	7.289196549	7.415135096	7.438733611	7.450776391	7.416210935	7.528005712	7.526129754	7.456479319	7.475158132
YALI1_E19852g	YALI0E16643g1_1	Q6C5N1	7.140896114	7.17997509	7.179317258	6.928352496	6.946474035	6.987341192	6.973715227	7.136223708	7.033745033	7.140416484	7.005143225
YALI1_F00821g	YALI0F00506g1_1	Q6C3E0	7.039807334	7.023523067	7.031530227	7.20658632	7.441980134	7.441867566	7.300753785	7.26716429	7.374247098	7.259198359	7.228515174
YALI1_E22303g	YALI0E18634g1_1	Q6C5F0	6.753096943	6.686414596	6.744299279	6.489226811	6.49787361	6.707276315	6.626863106	6.873340902	6.862093587	6.876136753	6.821190423
YALI1_F21875g	YALI0F16401g1_1	Q6C1G7	6.919469922	7.05246484	7.000996288	7.319404504	7.158471271	7.106235468	7.300467333	6.883350584	6.880579366	6.974085076	6.847600693
YALI1_E21406g	YALI0E18029g1_1	Q6C5H4	7.192960338	7.111253038	7.153822326	6.735395625	6.961005342	7.003702473	6.834629694	7.258023074	7.195293416	7.169052592	7.180093731
YALI1_C15991g	YALI0C11407g1_1	Q6CC91	6.962588218	7.023596503	6.964231381	7.216529371	7.106916678	7.120814825	7.209716002	7.014581627	6.977730649	7.046009528	6.948480726
YALI1_F28064g	YALI0F21197g1_1	Q6C0W4	6.864311505	6.815125091	6.796747002	6.523616313	6.530096669	6.533893609	6.423464788	6.628663915	6.761376928	6.575287516	6.792769468
YALI1_B28659g	YALI0B22066g1_1	Q6CDQ7	7.777274594	7.658761427	7.582809009	7.896400642	7.953338289	7.978711113	7.882156083	7.770285807	7.754366758	7.672892687	7.702755481
YALI1_F27101g	YALI0F20416g1_1	Q6C100	6.769609446	6.809597102	6.796968832	6.693141587	6.702139547	6.664120617	6.72127227	6.534133754	6.659297044	6.664818042	6.647728354
YALI1_C03874g	YALI0C02805g1_1	Q6CD89	7.274625692	7.277156302	7.202426503	7.129354307	7.151458164	7.161982225	7.110768211	7.279495775	7.239063316	7.214846784	7.241263887
YALI1_D03904g	YALI0D03113g1_1	Q6CAF9	6.673837456	6.608784735	6.571577833	6.445742969	6.440458276	6.495466529	6.390104507	6.555876126	6.519016939	6.580269724	6.528704832
YALI1_E11402g	YALI0E09262g1_1	Q6C6I5	6.749301935	6.769428148	6.74719312	7.137805222	7.001201402	6.935678872	7.093107555	6.897011416	6.830219327	6.89224172	6.759623961
YALI1_E03846g	YALI0E03190g1_1	Q6C774	6.745443927	6.736667536	6.769175239	6.561306729	6.664534743	6.652875016	6.657183771	6.674029208	6.699188958	6.760657346	6.733790462
YALI1_F29038g	YALI0F21945g1_1	Q6C0T3	6.607381128	6.68866002	6.643433341	6.37757038	6.273940328	6.46875758	6.446376587	6.673486584	6.627408211	6.68885112	6.549296624
YALI1_E02317g	YALI0E01782g1_1	Q6C7D2	6.690881769	6.688696992	6.620819926	6.637878716	6.69151144	6.64778088	6.639028201	6.596939245	6.566708909	6.566267595	6.535372757
YALI1_F11635g	YALI0F08283g1_1	Q6C2F8	6.718894646	6.812769026	6.82699971	7.153556504	6.978901231	7.011517394	7.119440224	6.773986627	6.794059075	6.912465804	6.866919192
YALI1_A01766g	YALI0A01353g1_1	Q6CI63	7.001015361	6.974060836	6.975567745	6.698538979	6.849815178	6.876842593	6.771042981	7.105201353	6.991351925	7.091874323	6.990178009
YALI1_F01020g	YALI0F00638g1_1	Q6C3D4	6.992183199	7.082982973	7.050837173	7.063553709	7.092597599	7.068541148	7.210698074	6.934463453	6.999070323	6.959764429	6.987038505
YALI1_D30540g	YALI0D23617g1_1	Q6C815	7.248819651	7.115846097	7.134562395	6.911658908	6.956665543	6.948660705	6.714153595	7.199587523	7.213813233	7.119009696	7.210627932
YALI1_F17949g	YALI0F13409g1_1	Q6C1U0	6.853082089	6.924512151	6.861083351	7.067916205	6.926840189	6.964993111	7.043188123	6.810537973	6.787771592	6.850099693	6.790198781
YALI1_F02238g	YALI0F01430g1_1	Q6C3A2	6.71651232	6.673580851	6.763535676	6.728390439	6.761846831	6.821888143	6.744262276	6.641143144	6.625298445	6.681399116	6.690359648
YALI1_B08627g	YALI0B06578g1_1	Q6CFI9	6.271679642	6.128957179	6.087603631	6.374270567	6.391198221	6.447860266	6.366041805	6.498290554	6.338700216	6.404662031	6.401177988
YALI1_C16770g	YALI0C12012g1_1	Q6CC68	6.353731636	6.247162696	6.184749458	6.595167402	6.466962665	6.61189249	6.652714155	6.47688468	6.462675313	6.38923389	6.353671958
YALI1_A03153g	YALI0A02651g1_1	Q6CI10	7.042310785	6.94590185	6.928821071	7.179510844	7.157026308	7.139326001	7.123912753	7.057817869	7.127425118	7.017226572	7.086538297
YALI1_E03651g	YALI0E03080g1_1	Q6C779	6.546943645	6.627517664	6.577192887	6.402676078	6.275687236	6.360042053	6.330551228	6.431484361	6.488205495	6.602084869	6.488429093
YALI1_E18927g	YALI0E15708g1_1	Q6C5R9	7.60251798	7.678908233	7.686958159	7.489183319	7.395360821	7.356329167	7.458770181	7.56463765	7.571755062	7.689388926	7.562158775
YALI1_C08262g	YALI0C06369g1_1	Q6CCU7	7.845565893	7.749502299	7.586848397	8.14094073	8.079945906	8.143663018	8.046052655	7.925936807	7.936255769	7.69188609	7.928226197
YALI1_E24922g	YALI0E20977g1_1	Q6C551	7.385083738	7.42696191	7.439951134	7.281050737	7.33301683	7.39692744	7.302047979	7.437031834	7.427577858	7.45518435	7.487084261
YALI1_B21966g	YALI0B16874g1_1	Q6CEB9	6.401426781	6.448980625	6.330757155	6.770093856	6.645889162	6.687353758	6.842527981	6.431469357	6.480302068	6.643738784	6.489958054
YALI1_M00110g			6.618839596	6.780461782	6.735169922	6.924111418	6.927573679	6.90231107	6.953045536	6.944900569	6.845866531	6.912646341	6.848900829
YALI1_F29395g	YALI0F22187g1_1	Q6C0S2	7.022806635	7.05687802	6.738531228	6.565770129	6.436804768	6.763132139	6.577124371	7.218802783	7.156295556	7.214706788	6.956250682
YALI1_F06262g	YALI0F04125g1_1	Q6C2Y2	7.353873396	7.397699735	7.312037665	6.817169201	7.107437285	7.024001081	7.132738122	7.375656252	7.38725542	7.371835025	7.275327497
YALI1_D10458g	YALI0D08184g1_1	Q6C9V0	7.572233383	7.441055942	7.3080146	6.95170035	7.144383228	7.126434763	6.947650838	7.455770981	7.512791996	7.281007692	7.503903119
YALI1_C19005g	YALI0C13706g1_1	Q6CC10	6.775436898	6.608696239	6.580455334	6.898492344	7.017005115	7.02804815	6.879728078	6.929052321	6.940217889	6.851892662	6.913407482
YALI1_F27667g	YALI0F20768g1_1	Q6C0Y4	7.028063655	6.814482494	6.992201787	6.510557815	6.78389908	6.590753093	6.638090926	6.991909609	7.040971796	6.903398396	6.997227615
YALI1_F35061g	YALI0F27643g1_1	F2Z6H1	6.727464107	6.727297389	6.717105953	6.549967214	6.600302626	6.59060684	6.423684905	6.865066504	6.726235788	6.735766651	6.791144863
YALI1_A17085g	YALI0A17020g1_1	Q6CGR5	67	86	79	9	24	17	8	64	51	67	59
YALI1_A18062g	YALI0A17875g1_1	Q6CGN3	0	0	0	12	13	22	15	0	0	1	0
YALI1_C23738g	YALI0C16621g1_1	Q6CBQ1	0	0	0	22	13	18	0	0	0	0	0
YALI1_D06131g	YALI0D04851g1_1	Q6CA92	9	12	11	0	0	0	0	14	12	12	9
YALI1_F11481g	YALI0F08129g1_1	Q6C2G3	0	0	0	8	6	7	10	0	0	0	0
YALI1_B12489g	YALI0B09361g1_1	F2Z5Z7	8	6	13	0	0	0	0	8	5	11	10
YALI1_F35868g	YALI0F28193g1_1	Q6C031	12	6	8	0	0	0	0	10	7	8	9
YALI1_F02545g	YALI0F01650g1_1	Q6C392	8	9	9	0	0	0	0	9	7	10	8
YALI1_F01981g	YALI0F01210g1_1	Q6C3A8	9	8	12	0	0	1	0	6	8	7	9
YALI1_E27625g	YALI0E23452g1_1	Q6C4V2	4	4	7	6	12	15	0	0	0	0	0
YALI1_E17643g	YALI0E14707g1_1	Q6C5W0	9	6	10	0	0	0	0	5	4	7	5
YALI1_B16022g	YALI0B12188g1_1	Q6CEX3	5	4	5	15	20	22	18	6	5	6	6
YALI1_A17957g	YALI0A17831g1_1	Q6CGN5	4	4	4	11	23	23	14	5	7	3	8
YALI1_C24891g	YALI0C17567g1_1	Q6CBL5	15	18	27	11	41	44	19	38	45	42	47
YALI1_F26367g	YALI0F19822g1_1	Q6C124	0	0	0	4	2	4	5	0	0	0	0
YALI1_D03412g	YALI0D02739g1_1	Q6CAH4	5	0	1	11	17	11	8	14	12	7	12
YALI1_B14492g	YALI0B10802g1_1	Q6CF27	5	2	3	0	0	0	0	4	6	6	4
YALI1_D12050g	YALI0D09427g1_1	Q6C9P4	11	12	11	3	3	2	1	12	8	11	7
YALI1_F24864g	YALI0F18656g1_1	Q6C174	6	5	4	0	0	0	0	2	3	5	2
YALI1_A09064g	YALI0A09383g1_1	F2Z6D9	10	5	9	0	2	2	0	7	6	3	11
YALI1_E14988g	YALI0E12133g1_1	Q6C662	42	46	40	13	26	20	32	38	42	35	38
YALI1_E31865g	YALI0E26917g1_1	Q6C4G8	5	5	3	0	0	0	0	5	3	4	1
YALI1_C24262g	YALI0C16951g1_1	Q6CBN6	3	4	3	0	0	0	0	6	3	4	3
YALI1_C00841g	YALI0C00649g1_1	Q6CDG8	3	4	4	0	0	0	0	3	2	3	7
YALI1_C29762g	YALI0C21538g1_1	Q6CB66	27	28	29	17	18	29	11	34	30	41	41
YALI1_C30022g	YALI0C21758g1_1	Q6CB57	0	0	0	3	3	2	6	0	0	0	1
YALI1_F29356g	YALI0F22165g1_1	Q6C0S3	0	1	2	3	7	4	5	1	0	0	0
YALI1_E23068g	YALI0E19294g1_1	Q6C5C2	0	0	0	3	2	3	3	0	0	0	0
YALI1_E17484g	YALI0E14487g1_1	Q6C5W8	11	11	11	5	0	0	5	9	9	0	0
YALI1_F08683g	YALI0F05852g1_1	Q6C2R0	0	0	0	0	0	0	0	3	0	5	2
YALI1_F34351g	YALI0F27005g1_1	Q6C083	0	0	0	2	4	3	1	0	0	0	0
YALI1_D09308g	YALI0D07304g1_1	Q6C9Y7	0	0	0	3	1	4	2	0	0	0	0
YALI1_C12121g	YALI0C08855g1_1	Q6CCJ5	0	0	0	4	3	1	2	0	0	0	0
YALI1_C12941g	YALI0C09284g1_1	Q6CCH6	8	9	7	12	9	16	13	5	3	3	4
YALI1_E09924g	YALI0E08162g1_1	Q6C6M6	5	0	0	4	16	12	5	7	8	5	8
YALI1_A20063g	YALI0A19074g1_1	Q6CGI3	30	36	34	17	21	19	14	31	24	34	29
YALI1_E02626g	YALI0E02112g1_1	Q6C7B7	3	4	4	0	0	0	0	3	2	3	1
YALI1_F26793g	YALI0F20174g1_1	Q6C111	0	1	1	2	6	6	2	0	0	1	0
YALI1_D08884g	YALI0D06930g1_1	Q6CA04	19	24	22	12	6	7	11	14	15	19	14
YALI1_E30462g	YALI0E25696g1_1	Q6C4L9	3	5	15	4	3	0	2	1	1	1	3
YALI1_F23157g	YALI0F17402g1_1	Q6C1C8	0	0	0	3	6	3	4	1	0	1	4
YALI1_B14733g	YALI0B11044g1_1	Q6CF18	0	5	9	0	1	0	0	3	1	6	3
YALI1_B08461g	YALI0B06391g1_1	Q6CFJ6	0	0	0	2	4	4	4	2	1	0	0
YALI1_E38706g	YALI0E32703g1_1	Q99158	7	9	12	16	13	6	8	3	4	1	5
YALI1_A06416g	YALI0A06743g1_1	Q6CHP3	2	2	14	0	3	1	0	0	0	0	5
YALI1_B13828g	YALI0B10241g1_1	Q6CF51	0	1	0	8	4	3	4	1	2	2	0
YALI1_E00628g	YALI0E00308g1_1	Q6C7J4	0	0	0	3	2	2	2	0	0	0	0
YALI1_E13428g	YALI0E10549g1_1	Q6C6C7	9	5	9	2	5	4	2	11	10	12	11
YALI1_B17927g	YALI0B13464g1_1	Q6CES1	6	7	9	3	1	2	1	5	7	10	7
YALI1_F17082g	YALI0F12749g1_1	Q6C1X0	0	0	0	2	3	6	0	0	0	0	1
YALI1_F02592g	YALI0F01672g1_1	Q6C391	3	1	4	0	0	0	0	5	4	0	2
YALI1_B03644g	YALI0B02332g1_1	Q6CFZ0	37	27	34	15	33	22	19	36	36	39	41
YALI1_B02194g	YALI0B01298g1_1	Q6CG32	3	1	1	0	0	0	0	4	1	4	3
YALI1_F16656g	YALI0F12463g1_1	Q6C1Y2	23	34	37	23	20	13	17	14	16	18	23
YALI1_E02162g	YALI0E01584g1_1	Q6C7E0	3	11	11	1	1	4	1	4	5	7	2
YALI1_E24532g	YALI0E20691g1_1	Q6C564	1	3	4	0	0	0	0	0	0	1	0
YALI1_F10115g	YALI0F06826g1_1	B5RSL1	5	6	5	0	1	2	0	4	4	6	4
YALI1_F34397g	YALI0F27049g1_1	Q6C081	0	0	0	0	3	0	5	0	0	0	0
YALI1_E36619g	YALI0E31108g1_1	Q6C3Z2	0	0	0	0	4	1	3	0	0	0	0
YALI1_B19747g	YALI0B15015g1_1	Q6CEK2	4	2	0	0	0	0	0	0	0	0	0
YALI1_E38034g	YALI0E32065g1_1	Q6C3U4	0	0	0	1	4	2	3	1	0	0	0
YALI1_F34324g	YALI0F26983g1_1	Q6C084	2	1	1	4	8	8	2	2	1	1	1
YALI1_F38756g	YALI0F31053g1_1	Q6BZT4	7	4	3	1	2	0	0	5	6	4	4
YALI1_C30706g	YALI0C22341g1_1	Q6CB30	6	6	4	0	2	0	1	3	2	6	5
YALI1_B19323g	YALI0B14685g1_1	Q6CEL7	0	0	0	1	0	1	3	4	3	2	4
YALI1_B13536g	YALI0B10021g1_1	Q6CF61	1	4	3	0	0	0	0	0	0	1	1
YALI1_E36866g	YALI0E31317g1_1	Q6C3Y2	0	0	0	2	2	2	0	4	2	3	4
YALI1_D15848g	YALI0D12661g1_1	Q6C9A7	0	0	0	3	4	3	2	3	3	3	2
YALI1_A12437g	YALI0A12177g1_1	Q6CH56	10	12	15	4	2	8	3	6	9	10	7
YALI1_E38113g	YALI0E32153g1_1	Q6C3U0	2	4	2	8	10	12	9	7	7	4	7
YALI1_C24567g	YALI0C17237g1_1	Q6CBM6	0	0	1	0	3	5	1	0	0	0	0
YALI1_D05195g	YALI0D04136g1_1	Q6CAC1	0	1	1	2	3	5	3	0	1	0	0
YALI1_F33103g	YALI0F25729g1_1	Q6C0D2	12	13	10	0	7	6	4	11	11	11	6
YALI1_E22543g	YALI0E18788g1_1	F2Z693	1	3	3	0	0	0	0	0	0	0	1
YALI1_E04143g	YALI0E03476g1_1	Q6C762	0	0	0	0	2	3	2	0	0	0	0
YALI1_E32754g	YALI0E27764g1_1	Q6C4D1	2	1	2	6	0	1	3	0	0	0	0
YALI1_E08937g	YALI0E07535g1_1	Q6C6P6	0	0	0	3	2	2	3	0	1	1	0
YALI1_A01628g	YALI0A01155g1_1	Q6CI66	6	3	6	0	2	2	0	5	4	6	4
YALI1_E17699g	YALI0E14729g1_1	Q6C5V9	1	0	1	3	6	6	2	6	5	5	4
YALI1_B14804g	YALI0B11132g1_1	Q6CF15	6	5	4	1	1	2	0	3	0	0	2
YALI1_E25018g	YALI0E21021g1_1	Q6C549	14	5	9	3	16	19	6	22	21	14	17
YALI1_B11983g	YALI0B08921g1_1	Q6CFA1	21	29	37	30	20	16	23	14	14	13	24
YALI1_A18847g			9	9	8	3	3	3	5	7	11	9	10
YALI1_A00789g	YALI0A00616g1_1	Q6CI88	3	7	7	3	2	3	3	1	8	18	7
YALI1_D36215g			0	0	0	2	0	0	4	1	2	5	3
YALI1_D27500g	YALI0D21736g1_1		35	37	45	19	25	28	26	20	25	32	35
YALI1_D08564g	YALI0D06688g1_1	Q6CA15	0	0	0	0	0	0	0	2	1	0	3
YALI1_C05204g	YALI0C03916g1_1	Q6CD43	0	0	0	0	0	1	5	0	0	0	0
YALI1_C20078g	YALI0C14388g1_1	Q6CBY7	0	0	0	2	2	0	2	0	0	0	0
YALI1_B26596g	YALI0B20306g1_1	Q6CDY2	0	0	0	0	0	2	4	0	0	0	0
YALI1_E13541g	YALI0E10659g1_1	Q99156	0	0	0	1	2	1	2	0	0	0	0
YALI1_D16173g	YALI0D13046g1_1	Q6C989	3	2	2	2	0	1	0	0	0	0	0
YALI1_A06128g	YALI0A06479g1_1	Q6CHQ3	4	0	3	0	0	0	0	4	1	0	0
YALI1_B24335g	YALI0B18722g1_1	Q6CE42	5	4	4	3	0	0	1	2	4	8	5
YALI1_F30479g	YALI0F23243g1_1	Q6C0N2	6	4	6	1	1	1	1	2	1	4	2
YALI1_E12703g	YALI0E10109g1_1	Q6C6E8	2	1	3	0	2	2	3	0	0	0	0
YALI1_E33150g	YALI0E28153g1_1	Q6C4B9	18	20	19	21	28	30	25	30	32	35	32
YALI1_C24850g	YALI0C17545g1_1	Q6CBL6	17	27	29	43	44	34	35	23	32	32	39
YALI1_F11199g	YALI0F07821g1_1	Q6C2H6	3	1	5	0	1	0	0	2	3	3	2
YALI1_C26890g	YALI0C19580g1_1		2	1	3	6	9	8	7	5	4	3	8
YALI1_C12333g	YALI0C08987g1_1	Q6CCI8	25	25	58	26	31	17	24	18	19	25	31
YALI1_E14350g	YALI0E11517g1_1	Q6C689	3	5	4	0	1	0	1	2	2	1	2
YALI1_D07831g	YALI0D06149g1_1	Q6CA40	0	3	3	0	0	0	0	0	1	3	2
YALI1_C26017g	YALI0C18755g1_1	Q6CBH3	3	3	3	3	5	3	6	2	0	0	1
YALI1_E08211g	YALI0E06853g1_1	Q6C6R7	24	24	33	26	19	15	20	10	16	16	20
YALI1_F19899g	YALI0F14927g1_1	Q6C1M7	7	9	8	9	9	12	10	4	2	7	3
YALI1_D15333g	YALI0D12320g1_1	Q6C9C4	2	1	0	7	3	3	6	0	2	1	4
YALI1_E20635g	YALI0E17369g1_1	Q6C5K2	2	2	1	4	2	6	6	1	1	1	1
YALI1_E33400g	YALI0E28292g1_1	Q6C4B2	4	4	5	10	10	5	9	4	2	5	2
YALI1_E04968g	YALI0E04136g1_1	Q6C733	1	0	0	4	3	4	2	1	0	0	3
YALI1_D01796g	YALI0D01529g1_1	Q6CAM2	0	0	1	2	0	1	4	0	0	0	0
YALI1_F25924g	YALI0F19470g1_1	Q6C140	7	11	11	8	7	5	2	11	13	13	12
YALI1_B14441g	YALI0B10780g1_1	Q6CF28	2	3	8	12	16	8	9	4	10	3	16
YALI1_C20646g	YALI0C14828g1_1	Q6CBW7	2	0	1	3	5	6	7	2	3	6	4
YALI1_F14933g	YALI0F11275g1_1	Q6C232	3	2	2	0	1	0	0	4	3	2	2
YALI1_C10345g	YALI0C07777g1_1	Q6CCP1	2	8	4	1	0	1	2	2	0	4	0
YALI1_D01234g	YALI0D01111g1_1	Q6CAP1	2	1	3	0	0	0	0	1	2	1	1
YALI1_E17326g	YALI0E14256g1_1	Q6C5X6	0	0	1	3	5	0	3	0	0	2	0
YALI1_A16095g	YALI0A16170g1_1	Q6CGU5	3	4	3	0	2	0	1	4	3	5	4
YALI1_E20361g	YALI0E17105g1_1	Q6C5L2	0	1	0	3	2	5	2	1	1	0	1
YALI1_D12483g	YALI0D09845g1_1	Q6C9M9	0	0	0	0	2	3	2	0	2	1	6
YALI1_C16204g	YALI0C11561g1_1	Q6CC84	18	21	20	9	11	11	13	16	17	23	16
YALI1_E26229g	YALI0E22264g1_1	Q6C501	5	5	7	2	2	3	1	6	5	6	8
YALI1_D13201g	YALI0D10549g1_1	Q6C9K2	0	0	0	2	2	2	2	0	1	1	0
YALI1_A10105g	YALI0A10230g1_1	Q6CHC6	2	2	2	0	0	0	0	2	1	1	0
YALI1_E40671g	YALI0E34265g1_1	Q6C3J7	4	4	2	0	4	3	2	6	6	6	9
YALI1_B13150g	YALI0B09812g1_1	Q6CF68	0	0	0	2	3	1	1	0	0	1	0
YALI1_A07575g	YALI0A08041g1_1	Q6CHK1	4	3	2	0	0	0	1	0	2	2	3
YALI1_B15092g	YALI0B11374g1_1	Q6CF05	6	9	3	12	7	9	12	4	5	2	6
YALI1_F17988g	YALI0F13475g1_1	Q6C1T7	3	3	4	6	7	9	6	2	2	3	3
YALI1_A02461g	YALI0A02068g1_1	Q6CI37	3	5	2	0	0	3	1	4	3	6	5
YALI1_D05705g	YALI0D04554g1_1	Q6CAA3	23	24	25	18	14	15	14	16	14	14	14
YALI1_D12723g	YALI0D10043g1_1	Q6C9M0	2	0	0	0	0	0	0	2	2	1	2
YALI1_F09051g	YALI0F06072g1_1	Q6C2Q0	2	0	0	0	0	0	0	3	1	0	3
YALI1_C25093g	YALI0C17941g1_1	Q6CBK6	2	1	5	1	0	0	0	3	2	2	2
YALI1_B14194g	YALI0B10538g1_1	Q6CF37	1	3	3	1	0	0	2	3	4	6	3
YALI1_F26186g	YALI0F19734g1_1	Q6C128	4	3	3	0	1	0	1	2	2	4	3
YALI1_D06311g	YALI0D04961g1_1	Q6CA87	2	1	2	1	0	0	0	0	0	0	0
YALI1_D34893g	YALI0D26389g1_1	Q6C7P8	0	2	3	0	0	0	1	0	0	0	0
YALI1_D20706g	YALI0D16797g1_1	Q6C8V1	0	3	2	0	0	0	0	1	0	0	0
YALI1_E38640g	YALI0E32593g1_1	Q6C3S0	0	1	4	0	0	0	0	0	1	0	0
YALI1_A22093g	YALI0A21098g1_1	Q6CG95	1	1	3	0	0	0	0	0	0	1	0
YALI1_E27279g	YALI0E23185g1_1	B5FVF1	4	4	4	2	0	0	1	3	3	2	4
YALI1_E12067g	YALI0E09691g1_1	Q6C6G7	0	0	1	5	3	2	3	1	2	1	2
YALI1_E25692g	YALI0E21670g1_1	Q6C523	0	0	0	1	1	1	0	2	2	1	3
YALI1_B29133g	YALI0B22308g1_1	F2Z672	33	31	32	22	23	19	18	27	26	30	28
YALI1_E18269g	YALI0E15224g1_1	Q6C5T9	3	2	7	3	1	2	0	0	0	1	2
YALI1_B01698g	YALI0B00990g1_1	Q6CG44	5	3	6	0	1	2	1	3	1	4	1
YALI1_C25576g	YALI0C18381g1_1	Q6CBI8	0	0	0	1	2	2	1	2	3	1	2