W29_NCBI	CLIB122_UNIPROT	CLIB122_NCBI	standard_A	standard_B	standard_C	standard_D	high_temp_A	high_temp_B	high_temp_C	low_pH_A	low_pH_B	low_pH_C	low_pH_D
YALI1_A17085g	Q6CGR5	YALI0A17020g1_1	64	51	67	59	67	86	79	9	24	17	8
YALI1_A18062g	Q6CGN3	YALI0A17875g1_1	0	0	1	0	0	0	0	12	13	22	15
YALI1_C23738g	Q6CBQ1	YALI0C16621g1_1	0	0	0	0	0	0	0	22	13	18	0
YALI1_D06131g	Q6CA92	YALI0D04851g1_1	14	12	12	9	9	12	11	0	0	0	0
YALI1_F11481g	Q6C2G3	YALI0F08129g1_1	0	0	0	0	0	0	0	8	6	7	10
YALI1_B12489g	F2Z5Z7	YALI0B09361g1_1	8	5	11	10	8	6	13	0	0	0	0
YALI1_F35868g	Q6C031	YALI0F28193g1_1	10	7	8	9	12	6	8	0	0	0	0
YALI1_F02545g	Q6C392	YALI0F01650g1_1	9	7	10	8	8	9	9	0	0	0	0
YALI1_F01981g	Q6C3A8	YALI0F01210g1_1	6	8	7	9	9	8	12	0	0	1	0
YALI1_E27625g	Q6C4V2	YALI0E23452g1_1	0	0	0	0	4	4	7	6	12	15	0
YALI1_E17643g	Q6C5W0	YALI0E14707g1_1	5	4	7	5	9	6	10	0	0	0	0
YALI1_B16022g	Q6CEX3	YALI0B12188g1_1	6	5	6	6	5	4	5	15	20	22	18
YALI1_A17957g	Q6CGN5	YALI0A17831g1_1	5	7	3	8	4	4	4	11	23	23	14
YALI1_C24891g	Q6CBL5	YALI0C17567g1_1	38	45	42	47	15	18	27	11	41	44	19
YALI1_F26367g	Q6C124	YALI0F19822g1_1	0	0	0	0	0	0	0	4	2	4	5
YALI1_D03412g	Q6CAH4	YALI0D02739g1_1	14	12	7	12	5	0	1	11	17	11	8
YALI1_B14492g	Q6CF27	YALI0B10802g1_1	4	6	6	4	5	2	3	0	0	0	0
YALI1_D12050g	Q6C9P4	YALI0D09427g1_1	12	8	11	7	11	12	11	3	3	2	1
YALI1_F24864g	Q6C174	YALI0F18656g1_1	2	3	5	2	6	5	4	0	0	0	0
YALI1_A09064g	F2Z6D9	YALI0A09383g1_1	7	6	3	11	10	5	9	0	2	2	0
YALI1_E14988g	Q6C662	YALI0E12133g1_1	38	42	35	38	42	46	40	13	26	20	32
YALI1_E31865g	Q6C4G8	YALI0E26917g1_1	5	3	4	1	5	5	3	0	0	0	0
YALI1_C24262g	Q6CBN6	YALI0C16951g1_1	6	3	4	3	3	4	3	0	0	0	0
YALI1_C00841g	Q6CDG8	YALI0C00649g1_1	3	2	3	7	3	4	4	0	0	0	0
YALI1_C29762g	Q6CB66	YALI0C21538g1_1	34	30	41	41	27	28	29	17	18	29	11
YALI1_C30022g	Q6CB57	YALI0C21758g1_1	0	0	0	1	0	0	0	3	3	2	6
YALI1_F29356g	Q6C0S3	YALI0F22165g1_1	1	0	0	0	0	1	2	3	7	4	5
YALI1_E23068g	Q6C5C2	YALI0E19294g1_1	0	0	0	0	0	0	0	3	2	3	3
YALI1_E17484g	Q6C5W8	YALI0E14487g1_1	9	9	0	0	11	11	11	5	0	0	5
YALI1_F08683g	Q6C2R0	YALI0F05852g1_1	3	0	5	2	0	0	0	0	0	0	0
YALI1_F34351g	Q6C083	YALI0F27005g1_1	0	0	0	0	0	0	0	2	4	3	1
YALI1_D09308g	Q6C9Y7	YALI0D07304g1_1	0	0	0	0	0	0	0	3	1	4	2
YALI1_C12121g	Q6CCJ5	YALI0C08855g1_1	0	0	0	0	0	0	0	4	3	1	2
YALI1_C12941g	Q6CCH6	YALI0C09284g1_1	5	3	3	4	8	9	7	12	9	16	13
YALI1_E09924g	Q6C6M6	YALI0E08162g1_1	7	8	5	8	5	0	0	4	16	12	5
YALI1_A20063g	Q6CGI3	YALI0A19074g1_1	31	24	34	29	30	36	34	17	21	19	14
YALI1_E02626g	Q6C7B7	YALI0E02112g1_1	3	2	3	1	3	4	4	0	0	0	0
YALI1_F26793g	Q6C111	YALI0F20174g1_1	0	0	1	0	0	1	1	2	6	6	2
YALI1_D08884g	Q6CA04	YALI0D06930g1_1	14	15	19	14	19	24	22	12	6	7	11
YALI1_E30462g	Q6C4L9	YALI0E25696g1_1	1	1	1	3	3	5	15	4	3	0	2
YALI1_F23157g	Q6C1C8	YALI0F17402g1_1	1	0	1	4	0	0	0	3	6	3	4
YALI1_B14733g	Q6CF18	YALI0B11044g1_1	3	1	6	3	0	5	9	0	1	0	0
YALI1_B08461g	Q6CFJ6	YALI0B06391g1_1	2	1	0	0	0	0	0	2	4	4	4
YALI1_E38706g	Q99158	YALI0E32703g1_1	3	4	1	5	7	9	12	16	13	6	8
YALI1_A06416g	Q6CHP3	YALI0A06743g1_1	0	0	0	5	2	2	14	0	3	1	0
YALI1_B13828g	Q6CF51	YALI0B10241g1_1	1	2	2	0	0	1	0	8	4	3	4
YALI1_E00628g	Q6C7J4	YALI0E00308g1_1	0	0	0	0	0	0	0	3	2	2	2
YALI1_E13428g	Q6C6C7	YALI0E10549g1_1	11	10	12	11	9	5	9	2	5	4	2
YALI1_B17927g	Q6CES1	YALI0B13464g1_1	5	7	10	7	6	7	9	3	1	2	1
YALI1_F17082g	Q6C1X0	YALI0F12749g1_1	0	0	0	1	0	0	0	2	3	6	0
YALI1_F02592g	Q6C391	YALI0F01672g1_1	5	4	0	2	3	1	4	0	0	0	0
YALI1_B03644g	Q6CFZ0	YALI0B02332g1_1	36	36	39	41	37	27	34	15	33	22	19
YALI1_B02194g	Q6CG32	YALI0B01298g1_1	4	1	4	3	3	1	1	0	0	0	0
YALI1_F16656g	Q6C1Y2	YALI0F12463g1_1	14	16	18	23	23	34	37	23	20	13	17
YALI1_E02162g	Q6C7E0	YALI0E01584g1_1	4	5	7	2	3	11	11	1	1	4	1
YALI1_E24532g	Q6C564	YALI0E20691g1_1	0	0	1	0	1	3	4	0	0	0	0
YALI1_F10115g	B5RSL1	YALI0F06826g1_1	4	4	6	4	5	6	5	0	1	2	0
YALI1_F34397g	Q6C081	YALI0F27049g1_1	0	0	0	0	0	0	0	0	3	0	5
YALI1_E36619g	Q6C3Z2	YALI0E31108g1_1	0	0	0	0	0	0	0	0	4	1	3
YALI1_B19747g	Q6CEK2	YALI0B15015g1_1	0	0	0	0	4	2	0	0	0	0	0
YALI1_E38034g	Q6C3U4	YALI0E32065g1_1	1	0	0	0	0	0	0	1	4	2	3
YALI1_F34324g	Q6C084	YALI0F26983g1_1	2	1	1	1	2	1	1	4	8	8	2
YALI1_F38756g	Q6BZT4	YALI0F31053g1_1	5	6	4	4	7	4	3	1	2	0	0
YALI1_C30706g	Q6CB30	YALI0C22341g1_1	3	2	6	5	6	6	4	0	2	0	1
YALI1_B19323g	Q6CEL7	YALI0B14685g1_1	4	3	2	4	0	0	0	1	0	1	3
YALI1_B13536g	Q6CF61	YALI0B10021g1_1	0	0	1	1	1	4	3	0	0	0	0
YALI1_E36866g	Q6C3Y2	YALI0E31317g1_1	4	2	3	4	0	0	0	2	2	2	0
YALI1_D15848g	Q6C9A7	YALI0D12661g1_1	3	3	3	2	0	0	0	3	4	3	2
YALI1_A12437g	Q6CH56	YALI0A12177g1_1	6	9	10	7	10	12	15	4	2	8	3
YALI1_E38113g	Q6C3U0	YALI0E32153g1_1	7	7	4	7	2	4	2	8	10	12	9
YALI1_C24567g	Q6CBM6	YALI0C17237g1_1	0	0	0	0	0	0	1	0	3	5	1
YALI1_D05195g	Q6CAC1	YALI0D04136g1_1	0	1	0	0	0	1	1	2	3	5	3
YALI1_F33103g	Q6C0D2	YALI0F25729g1_1	11	11	11	6	12	13	10	0	7	6	4
YALI1_E22543g	F2Z693	YALI0E18788g1_1	0	0	0	1	1	3	3	0	0	0	0
YALI1_E04143g	Q6C762	YALI0E03476g1_1	0	0	0	0	0	0	0	0	2	3	2
YALI1_E32754g	Q6C4D1	YALI0E27764g1_1	0	0	0	0	2	1	2	6	0	1	3
YALI1_E08937g	Q6C6P6	YALI0E07535g1_1	0	1	1	0	0	0	0	3	2	2	3
YALI1_A01628g	Q6CI66	YALI0A01155g1_1	5	4	6	4	6	3	6	0	2	2	0
YALI1_E17699g	Q6C5V9	YALI0E14729g1_1	6	5	5	4	1	0	1	3	6	6	2
YALI1_B14804g	Q6CF15	YALI0B11132g1_1	3	0	0	2	6	5	4	1	1	2	0
YALI1_E25018g	Q6C549	YALI0E21021g1_1	22	21	14	17	14	5	9	3	16	19	6
YALI1_B11983g	Q6CFA1	YALI0B08921g1_1	14	14	13	24	21	29	37	30	20	16	23
YALI1_A18847g			7	11	9	10	9	9	8	3	3	3	5
YALI1_A00789g	Q6CI88	YALI0A00616g1_1	1	8	18	7	3	7	7	3	2	3	3
YALI1_D36215g			1	2	5	3	0	0	0	2	0	0	4
YALI1_D27500g		YALI0D21736g1_1	20	25	32	35	35	37	45	19	25	28	26
YALI1_D08564g	Q6CA15	YALI0D06688g1_1	2	1	0	3	0	0	0	0	0	0	0
YALI1_C05204g	Q6CD43	YALI0C03916g1_1	0	0	0	0	0	0	0	0	0	1	5
YALI1_C20078g	Q6CBY7	YALI0C14388g1_1	0	0	0	0	0	0	0	2	2	0	2
YALI1_B26596g	Q6CDY2	YALI0B20306g1_1	0	0	0	0	0	0	0	0	0	2	4
YALI1_E13541g	Q99156	YALI0E10659g1_1	0	0	0	0	0	0	0	1	2	1	2
YALI1_D16173g	Q6C989	YALI0D13046g1_1	0	0	0	0	3	2	2	2	0	1	0
YALI1_A06128g	Q6CHQ3	YALI0A06479g1_1	4	1	0	0	4	0	3	0	0	0	0
YALI1_B24335g	Q6CE42	YALI0B18722g1_1	2	4	8	5	5	4	4	3	0	0	1
YALI1_F30479g	Q6C0N2	YALI0F23243g1_1	2	1	4	2	6	4	6	1	1	1	1
YALI1_E12703g	Q6C6E8	YALI0E10109g1_1	0	0	0	0	2	1	3	0	2	2	3
YALI1_E33150g	Q6C4B9	YALI0E28153g1_1	30	32	35	32	18	20	19	21	28	30	25
YALI1_C24850g	Q6CBL6	YALI0C17545g1_1	23	32	32	39	17	27	29	43	44	34	35
YALI1_F11199g	Q6C2H6	YALI0F07821g1_1	2	3	3	2	3	1	5	0	1	0	0
YALI1_C26890g		YALI0C19580g1_1	5	4	3	8	2	1	3	6	9	8	7
YALI1_C12333g	Q6CCI8	YALI0C08987g1_1	18	19	25	31	25	25	58	26	31	17	24
YALI1_E14350g	Q6C689	YALI0E11517g1_1	2	2	1	2	3	5	4	0	1	0	1
YALI1_D07831g	Q6CA40	YALI0D06149g1_1	0	1	3	2	0	3	3	0	0	0	0
YALI1_C26017g	Q6CBH3	YALI0C18755g1_1	2	0	0	1	3	3	3	3	5	3	6
YALI1_E08211g	Q6C6R7	YALI0E06853g1_1	10	16	16	20	24	24	33	26	19	15	20
YALI1_F19899g	Q6C1M7	YALI0F14927g1_1	4	2	7	3	7	9	8	9	9	12	10
YALI1_D15333g	Q6C9C4	YALI0D12320g1_1	0	2	1	4	2	1	0	7	3	3	6
YALI1_E20635g	Q6C5K2	YALI0E17369g1_1	1	1	1	1	2	2	1	4	2	6	6
YALI1_E33400g	Q6C4B2	YALI0E28292g1_1	4	2	5	2	4	4	5	10	10	5	9
YALI1_E04968g	Q6C733	YALI0E04136g1_1	1	0	0	3	1	0	0	4	3	4	2
YALI1_D01796g	Q6CAM2	YALI0D01529g1_1	0	0	0	0	0	0	1	2	0	1	4
YALI1_F25924g	Q6C140	YALI0F19470g1_1	11	13	13	12	7	11	11	8	7	5	2
YALI1_B14441g	Q6CF28	YALI0B10780g1_1	4	10	3	16	2	3	8	12	16	8	9
YALI1_C20646g	Q6CBW7	YALI0C14828g1_1	2	3	6	4	2	0	1	3	5	6	7
YALI1_F14933g	Q6C232	YALI0F11275g1_1	4	3	2	2	3	2	2	0	1	0	0
YALI1_C10345g	Q6CCP1	YALI0C07777g1_1	2	0	4	0	2	8	4	1	0	1	2
YALI1_D01234g	Q6CAP1	YALI0D01111g1_1	1	2	1	1	2	1	3	0	0	0	0
YALI1_E17326g	Q6C5X6	YALI0E14256g1_1	0	0	2	0	0	0	1	3	5	0	3
YALI1_A16095g	Q6CGU5	YALI0A16170g1_1	4	3	5	4	3	4	3	0	2	0	1
YALI1_E20361g	Q6C5L2	YALI0E17105g1_1	1	1	0	1	0	1	0	3	2	5	2
YALI1_D12483g	Q6C9M9	YALI0D09845g1_1	0	2	1	6	0	0	0	0	2	3	2
YALI1_C16204g	Q6CC84	YALI0C11561g1_1	16	17	23	16	18	21	20	9	11	11	13
YALI1_E26229g	Q6C501	YALI0E22264g1_1	6	5	6	8	5	5	7	2	2	3	1
YALI1_D13201g	Q6C9K2	YALI0D10549g1_1	0	1	1	0	0	0	0	2	2	2	2
YALI1_A10105g	Q6CHC6	YALI0A10230g1_1	2	1	1	0	2	2	2	0	0	0	0
YALI1_E40671g	Q6C3J7	YALI0E34265g1_1	6	6	6	9	4	4	2	0	4	3	2
YALI1_B13150g	Q6CF68	YALI0B09812g1_1	0	0	1	0	0	0	0	2	3	1	1
YALI1_A07575g	Q6CHK1	YALI0A08041g1_1	0	2	2	3	4	3	2	0	0	0	1
YALI1_B15092g	Q6CF05	YALI0B11374g1_1	4	5	2	6	6	9	3	12	7	9	12
YALI1_F17988g	Q6C1T7	YALI0F13475g1_1	2	2	3	3	3	3	4	6	7	9	6
YALI1_A02461g	Q6CI37	YALI0A02068g1_1	4	3	6	5	3	5	2	0	0	3	1
YALI1_D05705g	Q6CAA3	YALI0D04554g1_1	16	14	14	14	23	24	25	18	14	15	14
YALI1_D12723g	Q6C9M0	YALI0D10043g1_1	2	2	1	2	2	0	0	0	0	0	0
YALI1_F09051g	Q6C2Q0	YALI0F06072g1_1	3	1	0	3	2	0	0	0	0	0	0
YALI1_C25093g	Q6CBK6	YALI0C17941g1_1	3	2	2	2	2	1	5	1	0	0	0
YALI1_B14194g	Q6CF37	YALI0B10538g1_1	3	4	6	3	1	3	3	1	0	0	2
YALI1_F26186g	Q6C128	YALI0F19734g1_1	2	2	4	3	4	3	3	0	1	0	1
YALI1_D06311g	Q6CA87	YALI0D04961g1_1	0	0	0	0	2	1	2	1	0	0	0
YALI1_D34893g	Q6C7P8	YALI0D26389g1_1	0	0	0	0	0	2	3	0	0	0	1
YALI1_D20706g	Q6C8V1	YALI0D16797g1_1	1	0	0	0	0	3	2	0	0	0	0
YALI1_E38640g	Q6C3S0	YALI0E32593g1_1	0	1	0	0	0	1	4	0	0	0	0
YALI1_A22093g	Q6CG95	YALI0A21098g1_1	0	0	1	0	1	1	3	0	0	0	0
YALI1_E27279g	B5FVF1	YALI0E23185g1_1	3	3	2	4	4	4	4	2	0	0	1
YALI1_E12067g	Q6C6G7	YALI0E09691g1_1	1	2	1	2	0	0	1	5	3	2	3
YALI1_E25692g	Q6C523	YALI0E21670g1_1	2	2	1	3	0	0	0	1	1	1	0
YALI1_B29133g	F2Z672	YALI0B22308g1_1	27	26	30	28	33	31	32	22	23	19	18
YALI1_E18269g	Q6C5T9	YALI0E15224g1_1	0	0	1	2	3	2	7	3	1	2	0
YALI1_B01698g	Q6CG44	YALI0B00990g1_1	3	1	4	1	5	3	6	0	1	2	1
YALI1_C25576g	Q6CBI8	YALI0C18381g1_1	2	3	1	2	0	0	0	1	2	2	1
YALI1_D31155g	Q6C800	YALI0D23947g1_1	31	37	37	63	50	50	81	10	16	6	5
YALI1_E02481g	Q6C7C1	YALI0E02024g1_1	32	27	33	36	41	34	38	0	6	9	1
YALI1_F23664g	Q6C1A9	YALI0F17820g1_1	65	64	61	64	69	57	52	127	122	128	134
YALI1_C31408g	Q6CB11	YALI0C22748g1_1	25	19	28	22	41	49	43	5	6	3	8
YALI1_D00474g	Q6CAS0	YALI0D00451g1_1	28	31	37	42	25	23	23	0	6	7	1
YALI1_E41251g	Q6C3H7	YALI0E34749g1_1	42	49	58	60	16	17	8	15	16	18	15
YALI1_E07234g	Q6C6V2	YALI0E05995g1_1	3	4	3	4	0	2	2	23	19	21	31
YALI1_E32603g	F2Z627	YALI0E27654g1_1	20	21	17	17	3	3	4	28	35	35	32
YALI1_B18572g	Q6CEP8	YALI0B14014g1_1	44	47	55	56	34	34	23	89	77	77	90
YALI1_C08262g	Q6CCU7	YALI0C06369g1_1	163	182	171	189	154	174	149	268	213	241	264
YALI1_E36437g	Q6C3Z9	YALI0E30965g1_1	32	30	35	28	49	45	54	15	14	13	12
YALI1_F01078g	Q6C3D2	YALI0F00682g1_1	14	10	14	9	16	16	15	0	0	0	2
YALI1_E07899g	Q6C6T0	YALI0E06567g1_1	31	27	32	29	11	8	10	37	42	44	41
YALI1_C29506g	Q6CB74	YALI0C21362g1_1	6	6	8	7	6	8	8	35	25	20	28
YALI1_F37463g	Q6BZY5	YALI0F29909g1_1	55	59	59	90	54	52	77	36	37	22	22
YALI1_C32886g	F2Z630	YALI0C23859g1_1	37	35	36	36	47	43	42	19	13	12	14
YALI1_B29419g	Q6CDN8	YALI0B22506g1_1	13	15	10	24	27	21	30	46	47	44	39
YALI1_F37320g	Q6BZY9	YALI0F29821g1_1	3	1	3	2	2	3	1	13	13	18	14
YALI1_F23922g	Q6C1A3	YALI0F17996g2_1	22	26	22	21	12	9	9	26	46	42	33
YALI1_F29395g	Q6C0S2	YALI0F22187g1_1	27	34	27	32	32	26	12	4	8	12	9
YALI1_C10203g	Q6CCP7	YALI0C07656g1_1	4	7	8	12	7	10	14	1	0	0	0
YALI1_B29310g	Q6CDN9	YALI0B22484g1_1	5	7	5	3	4	2	1	11	18	19	16
YALI1_C28310g	Q6CBB8	YALI0C20265g1_1	4	7	6	5	1	0	1	11	14	15	10
YALI1_F06351g	Q6C2Y0	YALI0F04169g1_1	42	35	41	31	26	32	35	14	14	19	14
YALI1_A06099g	Q6CHQ5	YALI0A06435g1_1	5	5	6	6	6	9	6	0	0	0	0
YALI1_B26112g	Q6CDZ4	YALI0B19998g1_1	64	60	68	69	50	66	67	98	90	96	106
YALI1_B11853g	Q6CFA8	YALI0B08778g1_1	20	23	28	27	33	36	37	56	42	50	54
YALI1_E41276g	Q6C3H6	YALI0E34771g1_1	8	4	8	6	3	5	3	0	0	0	0
YALI1_D26051g	Q6C8D6	YALI0D20526g1_1	23	25	27	32	26	34	31	13	10	12	12
YALI1_E33056g	Q6C4C2	YALI0E27962g1_1	51	59	59	51	71	68	62	32	45	29	38
YALI1_D11256g	Q6C9S3	YALI0D08778g1_1	6	7	7	6	11	16	16	3	3	1	4
YALI1_E27441g	Q6C4W0	YALI0E23287g1_1	24	23	13	27	24	14	12	34	42	40	32
YALI1_F12138g	Q6C2D9	YALI0F08701g1_1	16	20	21	26	21	15	17	39	34	39	36
YALI1_C27543g		YALI0C19624g1_1	12	15	16	14	22	18	24	4	5	8	9
YALI1_E09241g	Q6C6P1	YALI0E07744g1_1	24	20	21	21	24	27	28	7	14	12	7
YALI1_D24626g	Q6C8I3	YALI0D19382g1_1	11	12	14	19	17	17	23	4	6	6	6
YALI1_A20995g	Q6CGF0	YALI0A19888g1_1	21	22	23	27	24	20	18	7	13	10	6
YALI1_C29676g	Q6CB67	YALI0C21516g1_1	5	4	3	7	4	4	3	17	13	10	14
YALI1_F13875g	Q6C273	YALI0F10197g1_1	3	4	5	5	3	7	4	11	15	11	16
YALI1_D02041g	Q6CAL4	YALI0D01738g1_1	13	10	15	13	20	24	22	8	9	8	7
YALI1_D18408g	Q6C916	YALI0D15114g1_1	20	21	21	28	26	28	29	10	14	11	13
YALI1_E02906g			28	36	28	31	20	18	16	38	38	36	37
YALI1_E09329g	Q6C6P0	YALI0E07766g1_1	20	20	19	20	7	11	12	27	25	24	25
YALI1_E15398g	Q6C650	YALI0E12419g1_1	31	34	32	34	45	39	33	19	22	17	23
YALI1_A16292g	Q6CGT5	YALI0A16379g1_1	27	36	34	34	48	42	36	22	21	21	25
YALI1_E31005g	Q6C4K0	YALI0E26125g1_1	6	5	3	7	6	7	7	1	0	1	1
YALI1_D12832g	Q6C9L5	YALI0D10131g1_1	16	8	10	12	20	11	10	3	4	7	3
YALI1_E14505g	Q6C682	YALI0E11671g1_1	28	18	19	22	23	20	26	13	10	6	14
YALI1_A15105g	Q6CGX7	YALI0A15103g1_1	1	1	2	1	5	6	10	9	7	5	5
YALI1_D02444g	Q6CAJ7	YALI0D02167g1_1	11	10	16	10	18	13	15	4	7	7	3
YALI1_B25553g	Q6CE13	YALI0B19492g1_1	20	20	12	22	16	11	9	6	7	9	9
YALI1_E20995g	Q6C5I9	YALI0E17699g1_1	14	21	14	17	25	18	17	8	11	9	7
YALI1_A05459g	Q6CHS7	YALI0A05379g1_1	7	7	6	7	12	12	9	2	4	3	3
YALI1_B20802g	Q6CEG4	YALI0B15840g1_1	16	17	18	15	29	32	31	17	18	17	22
YALI1_F16743g	Q6C1X9	YALI0F12551g1_1	2	2	4	3	8	7	10	2	3	4	0
YALI1_F10990g	Q6C2I3	YALI0F07667g1_1	4	4	3	3	4	3	3	12	13	7	6
YALI1_A10857g	Q6CHA5	YALI0A10747g1_1	15	17	14	18	19	18	14	10	8	9	5
YALI1_B24638g	Q6CE35	YALI0B18898g1_1	0	0	0	0	0	1	0	4	1	0	4
YALI1_F28064g	Q6C0W4	YALI0F21197g1_1	0	0	1	0	2	2	3	0	0	0	0
YALI1_C32223g	B5FVD6	YALI0C23379g1_1	7	11	14	7	14	19	13	7	6	7	5
YALI1_D31186g	Q6C7Z9	YALI0D23969g1_1	3	0	2	0	0	0	0	3	3	4	2
YALI1_C26377g	Q6CBG3	YALI0C19107g1_1	2	1	3	1	1	3	1	8	5	5	6
YALI1_F03136g	Q6C376	YALI0F02013g1_1	13	18	11	17	16	7	8	21	22	22	20
YALI1_D23067g	Q6C8M8	YALI0D18403g1_1	12	12	8	8	11	6	6	2	5	5	2
YALI1_F14136g	Q6C266	YALI0F10461g1_1	11	17	9	18	5	6	7	13	12	20	11
YALI1_D13510g	Q6C9J1	YALI0D10813g1_1	19	19	22	19	17	21	17	13	12	13	4
YALI1_D13545g	Q6C9J0	YALI0D10835g1_1	12	7	8	8	8	9	8	14	17	16	18
YALI1_C12788g	Q6CCI0	YALI0C09218g1_1	14	17	11	17	18	10	13	22	25	25	23
YALI1_E03762g	Q6C776	YALI0E03146g1_1	22	17	23	24	30	23	23	12	11	19	14
YALI1_E03789g	Q6C775	YALI0E03168g1_1	0	3	2	0	0	2	0	4	3	4	6
YALI1_B21493g	Q6CED6	YALI0B16500g1_1	17	14	14	17	15	11	14	22	28	22	23
YALI1_E20159g	Q6C5L9	YALI0E16907g1_1	2	0	3	1	4	5	6	0	1	3	0
YALI1_D09566g	Q6C9X9	YALI0D07480g1_1	13	15	13	14	12	17	18	29	19	22	25
YALI1_E11402g	Q6C6I5	YALI0E09262g1_1	0	0	1	0	0	0	0	3	0	2	3
YALI1_C14450g	Q6CCD9	YALI0C10230g1_1	36	32	42	32	41	47	48	32	31	26	29
YALI1_D27637g	Q6C883	YALI0D21890g1_1	8	9	18	13	15	18	22	7	11	10	8
YALI1_E25267g	Q6C542	YALI0E21175g1_1	4	3	4	1	1	2	4	0	0	0	1
YALI1_E40502g	Q6C3K1	YALI0E34155g1_1	16	13	17	12	18	16	21	9	11	8	9
YALI1_B05798g	Q6CFS3	YALI0B04312g1_1	11	15	14	16	20	21	19	21	24	23	27
YALI1_E17389g	Q6C5X3	YALI0E14366g1_1	1	0	0	0	1	0	1	2	2	3	3
YALI1_D34487g	Q6C7R2	YALI0D26103g1_1	9	9	11	7	10	11	13	5	3	7	5
YALI1_A01766g	Q6CI63	YALI0A01353g1_1	6	7	6	2	3	3	2	0	1	2	3
YALI1_F08705g	Q6C2Q9	YALI0F05874g1_1	19	21	20	28	29	35	29	20	18	22	20
YALI1_F32764g	Q6C0E2	YALI0F25509g1_1	0	2	0	2	3	4	6	1	4	0	1
YALI1_B14680g	Q6CF20	YALI0B11000g1_1	0	0	0	4	2	0	4	2	6	5	4
YALI1_D16864g	Q6C966	YALI0D13640g1_1	2	1	0	1	0	0	0	0	4	2	2
YALI1_B00578g	Q6CG63	YALI0B00572g1_1	7	5	10	9	9	9	8	18	11	13	15
YALI1_B12409g	Q6CF88	YALI0B09273g1_1	5	6	6	4	3	5	3	2	1	1	2
YALI1_F01291g	Q6C3C5	YALI0F00836g1_1	16	21	19	25	26	31	29	17	20	20	16
YALI1_E07347g	Q6C6U9	YALI0E06061g1_1	8	8	4	2	7	5	5	8	14	12	9
YALI1_F06956g	Q6C2W6	YALI0F04554g1_1	8	6	5	7	5	6	8	2	3	3	2
YALI1_E00510g	Q6C7K0	YALI0E00176g1_1	11	13	14	19	9	8	8	12	17	21	14
YALI1_D24182g	Q6C8J6	YALI0D19096g1_1	2	1	2	0	3	4	3	0	1	1	0
YALI1_C23175g	Q6CBR8	YALI0C16181g1_1	2	0	1	1	2	1	2	0	0	0	0
YALI1_E03220g	Q6C796	YALI0E02618g1_1	0	0	2	2	2	0	3	0	0	0	0
YALI1_E03039g	Q6C7A4	YALI0E02398g1_1	3	4	5	4	2	4	5	0	2	0	2
YALI1_E25290g	Q6C541	YALI0E21197g1_1	1	1	0	0	0	0	0	1	1	3	2
YALI1_A09010g	F2Z6D0	YALI0A09284g1_1	1	1	0	0	0	0	0	1	1	2	3
YALI1_E27649g	F2Z6D5	YALI0E23474g1_1	4	5	8	3	4	4	5	1	2	2	1
YALI1_C00550g	Q6CDH6	YALI0C00451g1_1	9	7	3	5	5	1	4	2	2	4	0
YALI1_F36742g	Q6C004	YALI0F29161g1_1	8	10	11	10	11	7	8	2	6	7	3
YALI1_E40282g	Q6C3L1	YALI0E33935g1_1	11	10	14	15	4	7	8	8	17	15	10
YALI1_F34051g	Q6C097	YALI0F26609g1_1	0	0	0	1	0	0	4	6	2	0	2
YALI1_F07181g	Q6C2W1	YALI0F04664g1_1	0	0	2	4	1	0	2	0	0	0	0
YALI1_F31798g	Q6C0I4	YALI0F24409g1_1	2	1	1	2	1	1	1	0	0	0	0
YALI1_E10134g	Q6C6M1	YALI0E08316g1_1	0	0	0	3	2	2	1	0	0	0	0
YALI1_E19852g	Q6C5N1	YALI0E16643g1_1	25	15	23	21	25	33	28	19	18	16	20
YALI1_B28268g	Q6CDS2	YALI0B21626g1_1	0	0	0	1	0	0	0	0	0	3	3
YALI1_D20202g	Q6C8W6	YALI0D16335g1_1	14	12	12	11	20	17	20	10	8	12	14
YALI1_C20396g	Q6CBX5	YALI0C14652g1_1	10	6	12	9	10	13	9	8	4	3	5
YALI1_B17155g	Q6CET9	YALI0B12980g1_1	3	4	3	4	1	0	1	3	4	5	2
YALI1_E23961g	Q6C588	YALI0E20119g1_1	3	2	3	5	9	3	4	8	8	7	9
YALI1_E20596g	Q6C5K4	YALI0E17325g1_1	17	15	23	15	15	24	21	10	12	11	14
YALI1_F31744g	Q6C0I6	YALI0F24365g1_1	0	2	2	2	0	1	0	3	2	3	4
YALI1_B02091g	W0TYP5	YALI0B01224g1_1	13	9	18	12	17	21	18	8	8	13	13
YALI1_E20923g	Q6C5J1	YALI0E17655g1_1	5	6	9	8	3	11	7	12	14	10	14
YALI1_E22126g	Q6C5F7	YALI0E18480g1_1	0	0	0	2	0	0	7	1	0	0	0
YALI1_F35938g	Q6C029	YALI0F28281g1_1	9	5	12	6	5	10	10	4	2	4	5
YALI1_C17566g	Q6CC54	YALI0C12386g1_1	10	13	10	18	12	13	20	23	22	19	19
YALI1_E26525g	Q6C4Z2	YALI0E22484g1_1	4	2	6	5	5	5	5	1	2	2	1
YALI1_D17770g	Q6C936	YALI0D14542g1_1	5	4	7	7	7	7	8	1	4	4	2
YALI1_F30106g	Q6C0P3	YALI0F22935g1_1	0	1	2	5	0	1	1	2	5	2	6
YALI1_B08801g	Q6CFI3	YALI0B06754g1_1	0	0	1	2	2	4	5	6	0	2	3
YALI1_A22073g	B5U8Q6	YALI0A21076g2_1	20	22	19	22	13	11	12	17	16	18	15
YALI1_F03407g	Q6C369	YALI0F02167g1_1	11	10	5	10	11	0	7	0	9	7	0
YALI1_A13100g	Q6CH33	YALI0A13101g1_1	9	7	9	7	10	15	17	8	8	9	6
YALI1_D07271g	Q6CA59	YALI0D05665g1_1	2	3	0	0	4	3	3	5	6	3	4
YALI1_E24479g	Q6C567	YALI0E20625g1_1	0	1	0	3	4	3	6	2	3	3	2
YALI1_F05624g	Q6C2Z7	YALI0F03817g1_1	2	3	5	2	1	2	2	1	0	0	1
YALI1_F37714g	Q6BZX6	YALI0F30129g1_1	9	6	5	5	8	8	7	9	15	14	10
YALI1_D16151g	Q6C990	YALI0D13024g1_1	1	2	2	1	0	1	1	2	4	4	4
YALI1_E19958g			0	2	2	5	0	5	11	10	5	3	6
YALI1_F36966g	Q6BZZ9	(YALI0F29337g1_1-YALI0F29337g2_1)	27	27	26	27	24	23	26	13	20	21	17
YALI1_B14236g	Q6CF36	YALI0B10560g1_1	1	2	3	2	4	6	8	1	4	2	5
YALI1_F01020g	Q6C3D4	YALI0F00638g1_1	12	16	13	12	14	21	20	21	18	25	21
YALI1_D15792g	Q6C9A9	YALI0D12628g1_1	3	2	1	1	2	4	1	0	0	1	0
YALI1_A01717g	Q6CI64	YALI0A01331g1_1	2	0	3	2	2	1	4	0	0	1	0
YALI1_F22750g	Q6C1E8	YALI0F16940g1_1	15	16	27	20	14	23	21	10	14	13	13
YALI1_D15398g	Q6C9C1	YALI0D12386g1_1	5	6	8	7	8	12	11	8	6	2	3
YALI1_B26728g	Q6CDX7	YALI0B20416g1_1	2	2	5	8	3	3	12	3	4	1	0
YALI1_A09694g	Q6CHE0	YALI0A09856g1_1	16	19	19	15	29	25	25	19	17	20	18
YALI1_E33285g	Q6C4B5		3	0	1	1	1	0	0	3	1	4	3
YALI1_D00888g	Q6CAQ4	YALI0D00825g1_1	9	8	10	9	9	10	10	3	5	7	4
YALI1_E21097g	Q6C5I6	YALI0E17765g1_1	10	9	18	13	10	14	17	18	22	18	21
YALI1_E08271g	Q6C6R4	YALI0E06919g1_1	3	0	5	3	4	2	1	2	0	0	0
YALI1_B12451g	Q6CF86	YALI0B09339g1_1	3	4	3	3	4	4	5	11	7	5	7
YALI1_F29652g	Q6C0R4	YALI0F22421g1_1	5	8	8	8	10	8	9	5	4	5	2
YALI1_B14238g	Q6CF35	YALI0B10582g1_1	2	3	1	2	5	7	5	3	2	1	4
YALI1_D30474g	Q6C817	YALI0D23573g1_1	0	0	0	3	0	1	6	0	0	0	1
YALI1_B21675g	Q6CED0	YALI0B16632g1_1	0	1	0	1	0	0	0	0	1	2	3
YALI1_A03170g	Q6CI09	YALI0A02673g1_1	16	15	12	14	10	12	11	21	21	20	13
YALI1_D36122g			2	4	2	6	2	4	7	3	1	1	0
YALI1_D25899g	Q6C8E0	YALI0D20438g1_1	1	1	1	2	0	0	0	1	2	2	1
YALI1_D12056g	Q6C9P3	YALI0D09449g1_1	1	1	0	0	2	3	4	3	0	1	2
YALI1_E14709g	Q6C673	YALI0E11913g1_1	5	2	4	1	1	1	0	2	0	1	1
YALI1_A13046g	Q6CH35	YALI0A13057g1_1	2	1	0	1	2	0	0	2	4	3	3
YALI1_D10135g	Q6C9W0	YALI0D07890g1_1	0	0	3	0	1	4	4	1	1	1	0
YALI1_B16318g	Q6CEW3	YALI0B12408g1_1	0	0	3	1	1	1	5	0	0	0	1
YALI1_E36540g	Q6C3Z4	YALI0E31064g1_1	0	1	1	0	1	1	2	1	2	3	5
YALI1_D16144g		YALI0D13002g1_1	11	9	11	9	6	8	8	12	13	13	17
YALI1_F21174g	Q6C1J7	YALI0F15697g1_1	4	4	7	4	8	8	10	6	3	2	5
YALI1_A21565g	Q6CGC1	YALI0A20526g1_1	5	2	1	3	2	2	2	9	6	3	4
YALI1_C06626g	Q99145	YALI0C05170g1_1	8	14	11	13	9	13	13	18	18	19	16
YALI1_B21562g	Q6CED4	YALI0B16544g1_1	3	5	5	4	6	3	4	1	2	1	2
YALI1_C02639g	Q6CDB5	YALI0C01969g1_1	3	2	1	4	1	0	0	1	5	2	1
YALI1_E27880g	Q6C4U6	YALI0E23584g1_1	14	18	12	15	17	11	10	21	22	22	16
YALI1_B24424g	Q6CE40	YALI0B18759g1_1	1	0	3	2	0	0	0	1	0	3	0
YALI1_E00760g	Q6C7J1	YALI0E00418g1_1	13	15	15	14	12	14	20	29	21	16	20
YALI1_A08502g	Q6CHH9	YALI0A08646g1_1	1	2	5	2	0	6	4	0	2	0	1
YALI1_E12793g	Q6C6E4	YALI0E10175g1_1	1	0	0	0	1	1	0	2	0	2	4
YALI1_C32609g	P41943	YALI0C23617g1_1	16	20	17	14	22	17	23	12	14	15	10
YALI1_F37916g	Q6BZW6	YALI0F30349g1_1	1	2	2	3	3	7	6	5	3	4	7
YALI1_E04359g	Q6C755	YALI0E03630g1_1	4	2	4	2	4	4	5	0	3	2	0
YALI1_D10197g	Q6C9V7	YALI0D07942g1_1	11	12	21	10	15	17	18	12	7	9	11
YALI1_F11635g	Q6C2F8	YALI0F08283g1_1	3	6	7	11	5	8	5	13	13	13	5
YALI1_B20378g	Q6CEH8	YALI0B15510g1_1	6	4	3	6	7	5	5	10	8	8	11
YALI1_F39665g	Q6BZP3	YALI0F32043g1_1	0	1	0	0	1	0	0	1	1	2	3
YALI1_E33843g	Q6C498	YALI0E28578g1_1	0	1	2	0	2	4	4	0	1	2	3
YALI1_D00311g	Q6CAS7	YALI0D00297g1_1	0	1	3	2	4	2	4	0	2	0	1
YALI1_B06839g	Q6CFQ0	YALI0B04928g1_1	0	1	0	0	1	2	3	0	1	0	1
YALI1_D35768g	Q6C7L3	YALI0D27148g1_1	20	20	18	17	14	14	16	23	22	22	25
YALI1_B20153g	Q6CEI8	YALI0B15304g1_1	4	7	8	4	7	7	10	2	4	4	4
YALI1_E27600g	Q6C4V3	YALI0E23430g1_1	1	1	3	2	0	1	1	2	5	2	4
YALI1_D10812g	Q6C9U0	YALI0D08404g1_1	2	0	1	2	4	5	3	2	4	3	5
YALI1_F12635g	Q6C2C3	YALI0F09053g1_1	0	1	1	0	2	2	3	1	0	1	0
YALI1_C08173g	Q6CCV1	YALI0C06281g1_1	1	1	2	2	3	3	5	1	3	0	0
YALI1_C05125g	Q6CD46	YALI0C03850g1_1	9	14	12	13	10	15	14	7	9	5	9
YALI1_C19794g	Q6CBZ8	YALI0C14014g1_1	0	1	3	3	2	4	4	1	0	2	0
YALI1_A10619g	Q6CHB1	YALI0A10615g1_1	4	3	7	6	6	3	7	9	11	8	9
YALI1_A00746g	Q6CI89	YALI0A00594g1_1	8	7	14	12	10	12	14	16	17	18	15
YALI1_E07040g	Q6C6V8	YALI0E05863g1_1	2	0	0	3	2	0	0	3	5	3	1
YALI1_B14121g			9	13	17	12	9	12	10	6	7	7	9
YALI1_B19205g	Q6CEM1	YALI0B14597g1_1	1	1	0	0	0	0	1	3	1	1	3
YALI1_B22020g	Q6CEB7	YALI0B16918g1_1	5	6	5	6	3	3	3	3	2	2	2
YALI1_F08170g	Q6C2S9	YALI0F05456g1_1	0	1	0	0	1	2	3	2	1	1	2
YALI1_D30705g	Q6C810	YALI0D23727g1_1	0	1	0	0	1	2	3	0	2	1	3
YALI1_E35280g	Q6C443	YALI0E29865g1_1	2	1	2	1	1	2	3	0	1	0	0
YALI1_C01535g	Q6CDE6	YALI0C01133g1_1	2	0	1	1	2	4	3	2	0	1	0
YALI1_E15835g	Q6C634	YALI0E12859g1_1	14	16	11	16	16	15	14	9	14	8	6
YALI1_F12330g	Q6C2D3	YALI0F08833g1_1	9	14	13	16	14	7	13	22	19	13	18
YALI1_C27746g		YALI0C19800g1_1	14	10	7	17	20	12	14	10	22	28	15
YALI1_D07788g	Q6CA41	YALI0D06083g1_1	2	2	2	1	2	1	5	1	0	0	1
YALI1_D14639g	Q6C9E6	YALI0D11814g1_1	1	1	2	0	4	4	3	3	0	2	2
YALI1_A14513g	Q6CGZ8	YALI0A14608g1_1	4	2	4	5	5	4	4	2	2	2	0
YALI1_F23399g	Q6C1B9	YALI0F17600g1_1	1	1	3	2	1	2	2	6	4	4	3
YALI1_B27254g	Q6CDV7	YALI0B20856g1_1	4	5	6	14	9	11	18	7	8	11	6
YALI1_B15928g	Q6CEX7	YALI0B12078g1_1	2	1	2	2	2	5	5	0	2	1	2
YALI1_E30028g	Q6C4N1	YALI0E25091g1_1	21	15	18	18	17	25	22	17	11	13	14
YALI1_E16433g	Q6C610	YALI0E13464g1_1	4	1	2	3	3	6	8	3	3	1	3
YALI1_D34785g	F2Z640	YALI0D26315g1_1	4	8	8	6	9	7	8	4	3	4	4
YALI1_E08351g	Q6C6R2	YALI0E07051g1_1	4	10	10	5	3	2	5	5	8	9	6
YALI1_E03439g	Q6C788	YALI0E02794g1_1	5	10	4	12	11	9	12	13	15	12	13
YALI1_F33618g	Q6C0B5	YALI0F26169g1_1	10	12	14	11	13	14	15	22	17	15	19
YALI1_D07162g	Q6CA64	YALI0D05547g1_1	7	6	6	7	3	3	3	3	6	6	12
YALI1_F30877g	Q6C0L9	YALI0F23551g1_1	21	18	11	16	14	8	14	10	13	11	8
YALI1_E37392g	Q6C3W5	YALI0E31647g1_1	5	7	6	7	8	9	16	8	5	7	6
YALI1_F11689g	Q6C2F6	YALI0F08327g1_1	4	2	6	4	1	4	4	7	5	5	10
YALI1_E28599g	Q6C4S8	YALI0E24035g1_1	1	1	2	1	2	2	2	0	1	0	0
YALI1_F14766g	Q6C239	YALI0F11121g1_1	0	1	0	0	2	1	3	3	1	0	1
YALI1_B24351g	Q6CE41	YALI0B18744g1_1	1	1	1	0	0	1	1	1	3	3	3
YALI1_F37068g	Q6BZZ6	YALI0F29491g1_1	1	0	2	6	1	0	0	0	0	2	2
YALI1_B08321g	Q6CFK2	YALI0B06248g1_1	1	1	6	2	1	2	4	6	5	3	7
YALI1_E10455g	Q6C6L0	YALI0E08602g1_1	1	0	0	3	1	0	2	1	5	2	4
YALI1_F02132g	F2Z6J3	YALI0F01320g1_1	0	0	1	0	1	2	3	0	1	2	1
YALI1_B22883g	Q6CE86	YALI0B17688g1_1	3	3	4	5	4	4	4	5	8	8	8
YALI1_A06594g	Q6CHN5	YALI0A06908g1_1	2	2	2	2	3	5	4	2	2	1	0
YALI1_F33594g	Q6C0B6	YALI0F26147g1_1	0	1	0	0	1	2	3	1	2	0	1
YALI1_E17037g	Q6C5Y8	YALI0E13992g1_1	11	7	11	11	9	8	9	6	6	4	6
YALI1_E30073g	Q6C4M9	YALI0E25135g1_1	4	2	3	5	6	4	6	1	4	3	0
YALI1_E40361g	Q6C3K7	YALI0E34037g1_1	5	8	7	7	6	8	13	17	12	8	10
YALI1_D11159g	Q6C9S7	YALI0D08690g1_1	7	5	7	6	8	9	8	5	4	6	1
YALI1_C08197g	Q6CCV0	YALI0C06303g1_1	5	3	6	6	4	4	3	8	9	7	7
YALI1_D21458g	Q6C8S2	YALI0D17446g1_1	5	2	4	3	3	4	5	8	6	9	5
YALI1_B10635g	Q6CFD3	YALI0B08140g1_1	2	0	3	0	3	4	2	1	0	0	2
YALI1_D07149g	Q6CA65	YALI0D05533g1_1	1	0	1	1	0	4	4	2	0	0	1
YALI1_E34269g	Q6C482	YALI0E28963g1_1	10	11	15	15	13	15	18	9	7	9	12
YALI1_E36404g	Q6C400	YALI0E30943g1_1	12	9	12	11	16	16	14	9	7	10	11
YALI1_F06035g	Q6C2Y7	YALI0F04037g1_1	8	6	9	12	7	10	15	17	15	9	16
YALI1_F35061g	F2Z6H1	YALI0F27643g1_1	8	8	12	11	7	11	12	4	5	8	6
YALI1_F19697g	Q6C1N6	YALI0F14729g1_1	7	5	5	6	8	9	9	2	4	7	4
YALI1_B27211g	Q6CDV8	YALI0B20834g1_1	5	1	6	3	2	0	7	1	2	0	2
YALI1_D06638g	Q6CA82	YALI0D05071g1_1	2	0	2	3	0	1	2	3	3	3	5
YALI1_E26021g	Q6C508	YALI0E22044g1_1	4	2	2	1	1	0	0	1	3	1	2
YALI1_E10587g	Q6C6K7	YALI0E08756g1_1	5	3	4	4	6	6	5	2	3	2	2
YALI1_E30914g	Q6C4K4	YALI0E26026g1_1	3	0	0	19	4	0	21	16	14	4	6
YALI1_D14489g	Q6C9F3		2	6	3	3	4	8	6	2	3	3	2
YALI1_D17493g	Q6C945	YALI0D14344g1_1	4	8	7	5	9	10	11	11	11	8	11
YALI1_E34072g	Q6C490	YALI0E28787g1_1	18	13	18	12	18	15	16	11	12	10	9
YALI1_A18286g	Q6CGM7	YALI0A18007g1_1	2	4	2	3	3	7	7	4	2	0	4
YALI1_F10385g	Q6C2K6	YALI0F07084g1_1	4	2	4	2	0	0	2	0	3	4	1
YALI1_F34127g	Q6C092	YALI0F26719g1_1	0	2	2	4	5	2	4	4	8	5	3
YALI1_C08523g	Q6CCU6	YALI0C06424g1_1	12	12	10	16	13	8	7	11	18	20	13
YALI1_B03404g	Q6CFZ3	YALI0B02266g1_1	7	9	11	10	8	12	13	14	16	12	17
YALI1_E39243g	Q6C3Q0	YALI0E33077g1_1	6	6	4	7	7	5	0	1	4	5	0
YALI1_D31866g	Q6C7Y9	YALI0D24233g1_1	3	1	3	0	1	1	2	0	0	1	0
YALI1_F39022g	Q6BZS0	YALI0F31361g1_1	2	2	3	4	2	2	3	1	2	0	0
YALI1_F08292g	Q6C2S4	YALI0F05566g1_1	2	3	0	0	5	1	5	2	0	2	2
YALI1_E34525g	Q6C470	YALI0E29249g1_1	7	5	11	9	12	14	13	9	8	5	11
YALI1_D10865g	Q6C9T7	YALI0D08470g1_1	3	1	3	7	2	1	3	4	4	7	6
YALI1_F04259g	Q6C331	YALI0F03047g1_1	0	4	1	4	3	5	5	5	8	2	6
YALI1_D32153g	Q6C7Y3	YALI0D24387g1_1	21	25	9	19	25	5	6	15	21	18	15
YALI1_B19290g	Q6CEL8	YALI0B14663g1_1	7	7	9	9	9	9	10	7	4	6	3
YALI1_D24109g	Q6C8J9	YALI0D19030g1_1	1	2	2	3	1	0	0	0	0	3	0
YALI1_A07977g	Q6CHJ1	YALI0A08261g1_1	0	1	2	0	0	1	0	2	2	3	1
YALI1_F02309g	Q6C399	YALI0F01496g1_1	18	16	19	18	18	15	14	10	14	13	10
YALI1_A11439g	Q6CH81	YALI0A11473g1_1	1	1	2	0	1	3	3	2	3	6	2
YALI1_F30254g	Q6C0P0	YALI0F23045g1_1	9	4	8	6	7	4	5	1	4	5	3
YALI1_F11080g	Q6C2I0	YALI0F07733g1_1	2	2	3	2	1	1	2	5	4	2	5
YALI1_F35983g	Q6C028	YALI0F28303g1_1	1	2	0	1	2	3	1	2	2	3	6
YALI1_C13227g	Q6CCG7	YALI0C09526g1_1	1	0	2	1	3	1	2	3	2	4	4
YALI1_F37194g	Q6BZZ4	YALI0F29623g1_1	2	0	2	2	5	2	3	0	1	3	0
YALI1_D22864g	Q6C8N3	YALI0D18293g1_1	1	1	1	4	1	1	1	0	1	0	0
YALI1_D26263g	Q6C8C9	YALI0D20680g1_1	4	7	2	6	6	4	3	6	8	8	10
YALI1_B26235g	Q6CDZ0	YALI0B20086g1_1	3	3	4	9	3	3	6	9	9	5	8
YALI1_B14064g	Q6CF42	YALI0B10428g1_1	2	0	4	0	0	0	1	0	0	0	1
YALI1_B29867g	Q6CDM0	YALI0B22902g1_1	13	7	9	11	9	8	10	13	12	13	19
YALI1_D05320g	Q6CAB6	YALI0D04246g1_1	4	3	2	1	4	3	3	1	0	1	2
YALI1_F14729g	Q6C241	YALI0F11077g1_1	3	4	3	0	3	3	4	1	1	1	1
YALI1_A01468g	Q6CI71	YALI0A01045g1_1	2	3	3	5	7	6	6	8	7	5	5
YALI1_B10552g	Q6CFD6	YALI0B08074g1_1	0	2	2	2	4	1	2	5	3	3	5
YALI1_B08193g	Q6CFK6	YALI0B06116g1_1	7	10	7	8	5	4	6	12	9	9	8
YALI1_D35787g	Q6C7L2	YALI0D27170g1_1	5	6	7	4	3	7	9	1	5	5	1
YALI1_D20050g	Q6C8X0	YALI0D16247g1_1	2	1	3	1	3	4	7	4	3	3	2
YALI1_F25908g	Q6C141	YALI0F19448g1_1	5	6	5	6	6	4	7	3	2	2	4
YALI1_B30275g	Q6CDJ6	YALI0B23430g1_1	9	7	7	9	11	14	13	7	8	7	10
YALI1_D14004g	Q6C9H6	YALI0D11132g1_1	7	5	10	7	11	11	14	7	6	8	10
YALI1_F17709g	Q6C1U7	YALI0F13255g1_1	2	2	0	2	1	3	0	6	4	1	3
YALI1_B07983g	Q6CFL1	YALI0B05940g1_1	0	1	0	1	1	0	0	0	3	2	2
YALI1_F34202g	Q6C089	YALI0F26807g1_1	5	5	4	6	5	6	7	2	2	5	2
YALI1_F09996g	Q6C2L6	YALI0F06791g1_1	3	1	3	0	4	6	3	3	2	0	3
YALI1_A10254g	Q6CHC2	YALI0A10310g1_1	0	1	1	4	0	0	2	3	6	0	2
YALI1_E06712g	Q6C6W5	YALI0E05709g1_1	3	1	1	2	1	0	0	2	3	2	1
YALI1_D06883g	Q6CA72	YALI0D05335g1_1	0	2	2	0	2	1	4	0	0	2	0
YALI1_B20108g	Q6CEJ0	YALI0B15268g1_1	2	1	2	2	2	3	6	1	1	1	2
YALI1_E29665g	Q6C4P1	YALI0E24849g1_1	7	5	5	8	4	3	6	0	5	3	4
YALI1_A18133g	Q6CGN1	YALI0A17919g1_1	1	1	1	2	0	2	1	2	4	2	4
YALI1_B05497g	Q6CFT2	YALI0B04114g1_1	0	0	2	0	1	0	5	0	0	0	2
YALI1_F03356g	Q6C372		0	0	1	0	1	3	1	0	0	1	1
YALI1_D05270g	Q6CAB8	YALI0D04202g1_1	3	1	2	2	1	2	3	2	0	0	0
YALI1_F04130g	Q6C337	YALI0F02915g1_1	2	2	4	2	0	2	1	2	0	0	1
YALI1_B25744g	Q6CE08	YALI0B19646g1_1	0	2	0	0	2	0	0	0	3	2	3
YALI1_C01520g	Q6CDE7	YALI0C01111g1_1	1	2	1	0	2	2	5	0	3	3	5
YALI1_E02850g	Q6C7B0	YALI0E02266g1_1	2	2	2	2	0	1	1	2	3	2	4
YALI1_F33403g	Q6C0C2	YALI0F26015g1_1	0	0	2	0	1	3	3	0	1	3	1
YALI1_E40754g	Q6C3J3	YALI0E34353g1_1	0	0	1	0	0	1	4	1	1	0	3
YALI1_D17249g	Q6C954	YALI0D13904g1_1	1	0	1	3	0	3	2	1	0	0	0
YALI1_B10130g	F2Z5Z5	YALI0B07667g1_1	1	0	0	0	0	2	3	2	0	0	3
YALI1_A04109g	Q6CHX1	YALI0A03883g1_1	4	1	4	1	3	3	1	0	0	1	2
YALI1_B07295g	Q6CFN8	YALI0B05302g1_1	6	6	3	4	6	6	6	4	2	2	3
YALI1_D07576g	Q6CA49	YALI0D05929g1_1	5	7	7	7	8	6	4	8	12	9	11
YALI1_E18854g	Q6C5S2	YALI0E15642g1_1	4	9	10	11	6	12	11	6	7	2	7
YALI1_B17112g	Q6CEU1	YALI0B12936g1_1	0	1	2	0	0	2	0	3	1	2	3
YALI1_B29905g	Q6CDL7	YALI0B22968g1_1	0	1	1	1	0	1	1	2	4	2	1
YALI1_C15687g	Q6CC99	YALI0C11231g1_1	1	2	2	3	4	3	4	1	1	1	2
YALI1_D17899g	Q6C931	YALI0D14652g1_1	11	12	15	15	12	12	15	6	7	15	7
YALI1_A13555g	Q6CH23	YALI0A13519g1_1	1	2	2	1	2	0	2	0	0	0	1
YALI1_B02283g	Q6CG30	YALI0B01342g1_1	2	2	2	2	3	1	2	3	6	5	3
YALI1_F03842g	Q6C353	YALI0F02563g1_1	7	9	8	6	7	8	7	5	4	4	4
YALI1_E23292g	Q6C5B6	YALI0E19448g1_1	0	3	3	3	4	4	4	6	5	5	4
YALI1_C30320g	Q6CB46	YALI0C22000g1_1	4	1	4	3	5	4	3	2	2	1	1
YALI1_D29109g	Q6C851	YALI0D22660g1_1	6	6	8	7	2	5	7	0	3	6	5
YALI1_B21250g	Q6CEE5	YALI0B16280g1_1	3	4	7	3	3	1	1	1	1	5	3
YALI1_A19459g	Q6CGK3	YALI0A18590g1_1	0	0	4	0	2	3	4	1	0	1	3
YALI1_B21356g	Q6CEE1	YALI0B16390g1_1	1	1	1	2	1	2	6	2	0	0	2
YALI1_B12742g	Q6CF80	YALI0B09515g1_1	1	1	2	2	2	6	4	3	2	1	3
YALI1_E06882g	Q6C6W1	YALI0E05797g1_1	0	0	0	1	3	2	0	0	2	1	1
YALI1_D14156g	Q6C9H1	YALI0D11264g1_1	0	0	1	0	0	1	4	1	2	0	1
YALI1_F07093g	Q6C2W3	YALI0F04620g1_1	1	1	0	2	2	1	2	0	1	0	0
YALI1_F26058g	Q6C133	YALI0F19624g1_1	1	1	1	0	4	0	1	1	0	0	0
YALI1_B26763g	Q6CDX5	YALI0B20460g1_1	4	3	5	3	4	10	6	3	3	4	4
YALI1_C09467g	Q6CCR8	YALI0C07128g1_1	6	7	8	6	6	8	8	2	5	4	5
YALI1_E04613g	Q6C747	YALI0E03828g1_1	3	2	5	4	5	3	7	6	11	4	6
YALI1_F38317g	Q6BZV1	YALI0F30679g1_1	1	1	3	3	3	5	5	5	5	4	3
YALI1_D22636g	Q6C8P2	YALI0D18106g1_1	14	9	14	11	17	17	20	16	14	11	18
YALI1_C23902g	Q6CBP5	YALI0C16753g1_1	2	3	2	3	2	3	3	3	4	9	4
YALI1_A13412g	Q6CH26	YALI0A13321g1_1	2	2	2	4	1	0	8	3	0	1	0
YALI1_E10210g	Q6C6L9	YALI0E08360g1_1	2	1	4	4	2	5	5	4	0	0	2
YALI1_D35945g	Q6C7K6	YALI0D27302g1_1	4	3	3	3	4	1	4	0	3	2	0
YALI1_D15523g	Q6C9B7	YALI0D12452g1_1	7	8	8	5	14	11	9	9	6	9	6
YALI1_C17782g	Q6CC44	YALI0C12595g1_1	6	10	8	10	3	7	7	11	14	7	8
YALI1_D23274g	Q6C8L8	YALI0D18612g1_1	1	3	4	2	1	3	2	1	2	0	0
YALI1_D00703g	Q6CAR2	YALI0D00649g1_1	0	1	0	5	2	5	5	5	5	0	0
YALI1_F29905g	Q6C0Q1	YALI0F22693g1_1	3	4	7	8	8	7	9	4	4	4	5
YALI1_A21993g	Q6CGA2	YALI0A20944g1_1	1	2	4	2	3	5	7	0	4	4	3
YALI1_D08946g	Q6CA02	YALI0D06974g1_1	6	5	8	7	6	10	9	5	4	4	5
YALI1_B21798g	Q6CEC5	YALI0B16742g1_1	2	4	2	3	3	1	6	6	8	5	3
YALI1_C09200g	Q6CCS8	YALI0C06864g1_1	11	15	10	13	12	11	12	7	10	9	6
YALI1_C29080g	Q6CB90	YALI0C21043g1_1	11	9	11	9	8	7	10	7	9	8	0
YALI1_D02206g	Q6CAK6	YALI0D01980g1_1	5	4	7	6	9	10	10	9	7	7	5
YALI1_A20441g	Q6CGG8	YALI0A19492g1_1	3	2	0	3	7	2	4	0	3	3	2
YALI1_B19880g	Q6CEJ9	YALI0B15081g1_1	2	3	0	5	2	1	1	1	7	6	1
YALI1_E20049g	Q6C5M4	YALI0E16797g1_1	2	3	6	4	2	3	2	0	2	2	2
YALI1_D22834g	Q6C8N4	YALI0D18271g1_1	2	3	2	8	2	3	2	1	2	2	1
YALI1_B01578g	Q6CG47	YALI0B00924g1_1	1	1	0	1	2	0	5	2	0	1	0
YALI1_F16568g	Q6C1Y5	YALI0F12353g1_1	1	2	1	2	0	1	1	0	0	0	1
YALI1_D06859g	Q6CA73	YALI0D05313g1_1	5	4	3	8	6	9	12	8	5	5	8
YALI1_E27059g			0	0	1	0	0	2	2	1	0	0	0
YALI1_F13170g	Q6C297	YALI0F09603g1_1	6	7	7	7	8	11	13	3	7	8	9
YALI1_D04680g	Q6CAD6	YALI0D03718g1_1	8	14	13	12	5	11	10	9	8	7	6
YALI1_M00110g			0	0	0	1	0	3	0	2	2	2	0
YALI1_B22015g	Q6CEB8	YALI0B16896g1_1	0	0	1	0	0	3	0	3	0	2	1
YALI1_D12355g	Q6C9N2	YALI0D09779g1_1	4	4	3	7	3	3	3	1	2	3	2
YALI1_F38191g	Q6BZV7	YALI0F30547g1_1	4	6	4	4	5	4	6	7	8	9	7
YALI1_A21203g	Q6CGD8	YALI0A20152g1_1	10	11	8	8	7	6	6	13	10	10	10
YALI1_F04497g		YALI0F03223g1_1	10	6	12	7	5	10	12	8	3	4	7
YALI1_A09593g	Q6CHE2	YALI0A09812g1_1	11	6	11	8	8	9	9	4	2	10	6
YALI1_D33879g	Q6C7T4	YALI0D25542g1_1	4	3	3	3	1	2	3	3	6	5	5
YALI1_C06394g	Q6CD06	YALI0C04906g1_1	2	2	2	3	1	3	3	0	2	1	0
YALI1_E32636g	Q6C4D5	YALI0E27698g1_1	3	0	4	2	2	2	3	0	1	0	2
YALI1_B16068g	Q6CEX2	YALI0B12210g1_1	3	9	5	12	8	10	14	12	13	9	11
YALI1_E35023g		YALI0E29601g1_1	3	3	2	3	3	0	0	3	4	3	2
YALI1_B29941g	Q6CDL5	YALI0B23012g1_1	0	2	1	3	2	1	1	2	5	3	3
YALI1_F17431g	Q6C1V9	YALI0F12991g1_1	8	5	4	9	5	5	4	7	8	9	10
YALI1_C28706g	Q6CBA2	YALI0C20735g1_1	8	9	9	7	15	14	10	10	11	7	10
YALI1_D12147g	Q6C9P0	YALI0D09603g1_1	0	1	0	1	0	1	3	1	2	2	3
YALI1_B26639g	Q6CDY1	YALI0B20328g1_1	2	2	2	1	2	3	2	4	3	5	4
YALI1_D06302g	Q6CA88	YALI0D04939g1_1	1	1	5	3	2	5	9	6	4	3	4
YALI1_D10007g	Q6C9W7	YALI0D07744g1_1	3	3	4	3	3	7	4	0	3	2	3
YALI1_F02481g	Q6C395	YALI0F01584g1_1	1	2	2	2	4	3	4	2	2	1	1
YALI1_B29883g	Q6CDL9	YALI0B22924g1_1	2	0	3	4	0	6	3	7	5	0	7
YALI1_C20023g	Q6CBY9	YALI0C14322g1_1	1	1	0	0	4	1	1	0	1	2	0
YALI1_A12403g	Q6CH58	YALI0A12133g1_1	0	0	1	1	2	2	2	2	0	1	0
YALI1_C29584g	Q6CB70	YALI0C21450g1_1	4	1	1	3	7	4	4	3	4	4	2
YALI1_C01789g	Q6CDE1	YALI0C01243g1_1	11	9	13	8	9	10	14	5	7	5	11
YALI1_E13727g	Q6C6B4	YALI0E10857g1_1	0	2	0	3	2	1	3	2	5	3	3
YALI1_D25715g	Q6C8E5	YALI0D20306g1_1	3	2	0	2	1	0	0	1	2	3	0
YALI1_F14746g	Q6C240	YALI0F11099g1_1	5	3	4	0	6	5	7	6	5	4	0
YALI1_C05133g			5	5	7	8	5	6	6	9	8	8	12
YALI1_B05832g	Q6CFS2	YALI0B04334g1_1	4	1	8	4	7	8	6	6	8	6	9
YALI1_B15964g	W0TYP3	YALI0B12122g1_1	3	4	4	5	6	7	6	4	2	3	4
YALI1_E08915g	Q6C6P7	YALI0E07513g1_1	3	3	4	6	4	6	9	3	4	3	3
YALI1_E30014g	Q6C4N2	YALI0E25069g1_1	8	8	8	11	13	11	7	6	6	8	5
YALI1_B07652g			0	1	2	1	1	4	4	1	1	1	4
YALI1_D20118g	Q6C8W8	YALI0D16291g1_1	2	1	0	1	2	5	1	1	1	1	1
YALI1_D00449g	Q6CAS1	YALI0D00429g1_1	8	9	8	10	9	4	6	0	6	9	6
YALI1_C18258g	Q6CC28	YALI0C13090g1_1	9	8	11	7	4	4	7	5	7	8	6
YALI1_F31070g	Q6C0L5	YALI0F23661g1_1	0	2	2	2	1	4	1	0	1	0	1
YALI1_C13000g	Q6CCH5	YALI0C09328g1_1	3	2	2	7	0	5	13	7	8	5	5
YALI1_F21315g	Q6C1J1	YALI0F15829g1_1	0	1	0	0	0	2	2	1	1	2	1
YALI1_B08094g	Q6CFL0	YALI0B05962g1_1	4	3	4	5	3	2	3	0	3	2	2
YALI1_D12630g	Q6C9M3	YALI0D09977g1_1	1	1	2	1	1	2	6	2	3	2	5
YALI1_A07472g	Q6CHK3	YALI0A07997g1_1	3	4	4	6	9	4	4	3	2	4	2
YALI1_F29139g	Q6C0T0	YALI0F22011g1_1	5	3	4	4	2	4	3	1	3	1	2
YALI1_B09894g	Q6CFF2	YALI0B07579g1_1	8	6	6	8	5	4	5	3	3	5	5
YALI1_E01614g	Q6C7G2	YALI0E01078g1_1	2	5	3	6	2	2	6	8	7	6	4
YALI1_D09000g	Q6CA00	YALI0D07018g1_1	2	2	3	2	4	3	6	2	1	2	3
YALI1_D35965g	Q6C7K5	YALI0D27324g1_1	2	2	2	5	1	6	10	3	5	2	6
YALI1_A11218g	Q6CH93	YALI0A11099g1_1	0	0	0	1	1	0	0	1	2	1	1
YALI1_F07429g	Q6C2V4	YALI0F04818g1_1	5	5	2	3	5	4	2	1	2	2	2
YALI1_F12089g	Q6C2E0	YALI0F08679g1_1	1	3	3	0	0	0	1	1	1	1	1
YALI1_C20314g	Q6CBX8	YALI0C14586g1_1	10	6	5	5	4	6	6	4	14	10	8
YALI1_A06672g	Q6CHN0	YALI0A07018g1_1	4	3	7	5	6	11	7	4	5	6	5
YALI1_E31754g	Q6C4H2	YALI0E26829g1_1	6	3	6	5	7	6	7	3	3	5	3
YALI1_E36900g	Q6C3Y0	YALI0E31361g1_1	0	1	3	4	3	2	2	0	0	2	1
YALI1_C07495g	Q6CCX2	YALI0C05819g1_1	1	1	0	1	2	3	2	3	2	1	2
YALI1_D11479g	Q6C9R3	YALI0D08998g1_1	3	2	0	1	1	0	0	0	0	2	0
YALI1_C19981g	Q6CBZ0	YALI0C14256g1_1	2	0	4	2	2	4	5	4	0	0	2
YALI1_F37508g	Q6BZY2	YALI0F29997g1_1	5	6	6	2	10	7	6	2	5	7	4
YALI1_E36984g	Q6C3X8	YALI0E31405g1_1	0	2	2	1	5	2	2	0	1	3	1
YALI1_D23693g	Q6C8L0	YALI0D18788g1_1	2	1	1	0	2	2	2	0	0	1	1
YALI1_B25395g	Q6CE17	YALI0B19360g1_1	1	1	0	0	1	3	2	1	2	0	1
YALI1_D10693g	Q6C9U3	YALI0D08338g1_1	13	7	10	11	12	8	10	5	7	9	6
YALI1_F17805g	Q6C1U4	YALI0F13321g1_1	0	2	2	1	2	2	2	0	0	1	1
YALI1_A07624g	Q6CHK0	YALI0A08063g1_1	0	0	2	0	0	3	3	3	0	0	2
YALI1_F23441g	Q6C1B7	YALI0F17644g1_1	0	0	3	2	2	1	3	0	0	2	0
YALI1_D09964g	Q6C9W9	YALI0D07700g1_1	2	2	1	2	1	1	0	0	2	0	0
YALI1_E07099g	Q6C6V6	YALI0E05907g1_1	11	11	12	10	8	9	7	14	16	12	8
YALI1_F16117g	Q6C1Z0	YALI0F12221g1_1	7	7	9	10	4	3	7	7	5	8	7
YALI1_F00261g	Q6C3F3	YALI0F00220g1_1	4	2	6	1	2	6	4	3	2	0	2
YALI1_B09807g	Q6CFF4	YALI0B07535g1_1	4	0	4	3	3	1	0	3	3	5	3
YALI1_F07630g	Q6C2U7	YALI0F05038g1_1	5	4	5	5	4	5	7	2	3	3	3
YALI1_D07209g	Q6CA62	YALI0D05599g1_1	0	1	1	1	0	1	1	2	4	0	2
YALI1_F24130g	Q6C196	YALI0F18172g1_1	3	2	4	2	4	3	4	0	1	2	3
YALI1_D04469g	Q6CAE5	YALI0D03531g1_1	1	0	2	0	1	2	4	2	0	1	1
YALI1_D11937g	Q6C9P7	YALI0D09339g1_1	3	4	4	3	2	3	2	2	1	2	1
YALI1_A18622g	Q6CGL9	YALI0A18227g1_1	5	5	3	5	3	5	4	1	2	3	3
YALI1_C13410g	Q6CCG1	YALI0C09658g1_1	1	2	4	5	4	4	7	7	5	6	4
YALI1_D13388g	Q6C9J5		0	1	3	1	2	4	2	4	3	1	4
YALI1_A06149g	Q6CHQ2	YALI0A06501g1_1	0	2	2	1	1	0	1	1	2	2	4
YALI1_B20577g	Q6CEH0	YALI0B15686g1_1	2	2	0	1	2	0	0	2	2	2	3
YALI1_A07538g	Q6CHK2	YALI0A08019g1_1	3	3	5	0	2	5	2	0	2	1	2
YALI1_E11341g	Q6C6I8	YALI0E09196g1_1	3	3	1	3	3	4	5	1	4	0	2
YALI1_C06973g	Q6CCY7	YALI0C05489g1_1	4	3	4	7	5	8	8	5	5	3	3
YALI1_F30647g	Q6C0M6	YALI0F23397g2_1	3	3	0	3	3	1	0	2	0	1	0
YALI1_B15346g		YALI0B11572g1_1	0	1	1	0	0	2	3	1	0	0	1
YALI1_F29944g	Q6C0P8	YALI0F22759g1_1	2	1	0	0	2	4	1	0	2	3	2
YALI1_B27588g	Q6CDU2	YALI0B21186g1_1	5	4	3	4	8	6	6	8	7	7	4
YALI1_E03623g			3	3	3	2	5	4	4	2	1	3	2
YALI1_A00829g	Q6CI86	YALI0A00660g1_1	2	2	3	2	2	4	2	1	1	1	1
YALI1_D08031g	Q6CA35	YALI0D06259g1_1	4	2	2	1	3	5	0	2	0	1	1
YALI1_C04531g		YALI0C03421g1_1	1	1	4	3	3	2	3	2	1	1	0
YALI1_E13637g	Q6C6B9	YALI0E10747g1_1	0	1	0	3	2	0	2	1	0	0	0
YALI1_F27574g	Q6C0Y6	YALI0F20724g1_1	0	1	1	2	1	2	1	0	0	0	1
YALI1_E22613g	Q6C5D9	YALI0E18876g1_1	1	1	1	1	1	0	3	1	0	0	0
YALI1_E15583g	Q6C641	YALI0E12617g1_1	1	2	4	1	3	4	6	4	3	5	1
YALI1_B22266g	B5FVB4	YALI0B17061g1_1	4	4	8	4	3	6	6	9	6	7	9
YALI1_D09356g	Q6C9Y6	YALI0D07326g1_1	9	8	9	13	10	5	10	10	11	14	15
YALI1_D30540g	Q6C815	YALI0D23617g1_1	10	8	9	9	11	11	7	5	5	9	6
YALI1_B22276g	Q6CEB0	YALI0B17072g1_1	4	3	3	4	4	2	3	7	3	4	8
YALI1_F39236g	Q6BZQ9	YALI0F31603g1_1	1	0	0	0	0	1	2	1	2	0	2
YALI1_D02399g	Q6CAJ9	YALI0D02123g1_1	0	1	0	0	3	0	0	2	2	1	0
YALI1_B21275g	Q6CEE4	YALI0B16302g1_1	1	0	0	0	2	1	1	0	0	0	2
YALI1_C26051g	Q6CBH0	YALI0C18821g1_1	0	1	0	0	0	1	3	2	0	0	0
YALI1_A10510g	Q6CHB4	YALI0A10549g1_1	0	0	0	1	1	0	3	1	0	0	1
YALI1_C14273g	Q6CCE1	YALI0C10142g1_1	0	0	1	1	1	1	2	0	1	0	0
YALI1_B21323g	Q6CEE2	YALI0B16368g1_1	1	2	0	2	3	2	2	0	1	1	1
YALI1_F37234g	Q6BZZ2	YALI0F29667g1_1	2	2	2	4	3	3	8	2	4	0	4
YALI1_A03402g	Q6CHZ8	YALI0A03003g1_1	2	2	1	1	0	2	2	4	2	3	3
YALI1_C29104g	Q6CB89	YALI0C21065g1_1	5	4	9	3	5	6	8	2	2	3	7
YALI1_B04123g	Q6CFX8	YALI0B02706g1_1	1	3	3	3	3	3	1	1	1	1	1
YALI1_E28130g	Q6C4T8	YALI0E23760g1_1	0	0	0	2	1	0	3	2	1	0	4
YALI1_E12952g	Q6C6E0	YALI0E10263g1_1	0	0	1	1	0	2	2	4	1	1	1
YALI1_F34661g	Q6C072	YALI0F27291g1_1	2	4	6	2	4	7	5	2	1	2	6
YALI1_F36178g	Q99144	YALI0F28457g1_1	6	6	7	4	10	11	7	7	5	6	10
YALI1_D15214g	Q6C9C9	YALI0D12210g1_1	2	4	4	5	2	3	7	3	0	3	2
YALI1_F03389g	Q6C370	YALI0F02145g1_1	1	2	1	2	2	1	7	3	3	2	4
YALI1_E33760g	Q6C4A1	YALI0E28534g1_1	3	1	1	3	1	2	1	2	4	5	2
YALI1_D15622g	Q6C9B4	YALI0D12518g1_1	5	6	5	4	5	4	5	2	5	2	2
YALI1_D04128g	Q6CAF5	YALI0D03245g1_1	4	6	4	6	7	3	4	1	4	2	4
YALI1_D23730g	Q6C8K9	YALI0D18810g1_1	0	0	0	2	1	1	1	2	2	2	1
YALI1_B04589g	Q6CFW1	YALI0B03124g1_1	6	6	6	9	8	9	9	5	8	6	2
YALI1_F25556g	Q6C154	YALI0F19140g1_1	4	6	7	6	6	3	6	4	3	4	2
YALI1_E08997g	Q6C6P5	YALI0E07557g1_1	0	1	0	0	0	1	1	0	2	0	3
YALI1_F03527g	Q6C363	YALI0F02299g1_1	0	0	1	0	2	0	0	1	0	0	4
YALI1_F13046g	Q6C2A3	YALI0F09471g1_1	0	0	1	0	0	0	2	2	2	0	1
YALI1_F09896g	Q6C2L9	YALI0F06732g1_1	0	0	0	1	0	0	2	1	0	1	3
YALI1_E36206g	Q6C405	YALI0E30833g1_1	7	4	8	6	6	7	8	12	11	9	6
YALI1_B22088g	Q6CEB4	YALI0B16984g1_1	2	6	0	4	6	4	7	5	4	4	4
YALI1_F09747g	Q6C2M6	YALI0F06578g1_1	4	2	2	2	3	1	0	0	1	2	1
YALI1_D18673g	Q6C907	YALI0D15312g1_1	2	0	0	1	3	0	1	0	1	0	0
YALI1_E34042g	Q6C491	YALI0E28743g1_1	0	2	1	0	2	1	1	0	0	0	1
YALI1_D14893g	Q6C9D7	YALI0D12012g1_1	0	2	0	1	1	2	1	0	0	1	0
YALI1_F24469g	Q6C184	YALI0F18436g1_1	0	0	1	2	1	1	2	0	0	0	1
YALI1_A13383g	Q6CH27	YALI0A13299g1_1	8	10	8	8	8	9	7	5	7	6	4
YALI1_C06259g	Q6CD10	YALI0C04774g1_1	6	8	10	8	4	9	6	11	8	12	9
YALI1_E05767g	Q6C703	YALI0E04829g1_1	1	2	4	1	3	2	3	1	0	2	1
YALI1_E27104g	Q6C4X6	YALI0E22935g1_1	6	5	7	3	5	4	6	3	0	6	3
YALI1_D17151g	Q6C957	YALI0D13838g1_1	7	5	4	5	3	4	3	2	4	3	3
YALI1_E29617g	Q6C4P3	YALI0E24805g1_1	2	3	2	1	0	2	4	3	4	4	4
YALI1_E39886g	Q7Z8R5	YALI0E33627g1_1	1	2	3	2	0	1	1	2	2	1	3
YALI1_B27110g			2	4	0	2	2	0	0	2	1	2	3
YALI1_E36308g	Q6C404	YALI0E30855g1_1	0	2	0	8	3	0	0	2	1	2	0
YALI1_D33350g	Q6C7V0	YALI0D25146g1_1	0	0	4	2	0	1	7	1	0	0	3
YALI1_D24836g	Q6C8H5	YALI0D19558g1_1	5	3	3	2	2	1	1	1	2	5	1
YALI1_B22533g	Q6CEA1	YALI0B17314g1_1	1	2	2	1	0	0	1	1	2	1	1
YALI1_D08285g	Q6CA26	YALI0D06457g1_1	1	1	2	2	1	0	0	0	1	1	3
YALI1_B05711g	Q6CFS5	YALI0B04268g1_1	0	1	2	2	1	0	0	0	2	2	2
YALI1_D05538g	Q6CAA7	YALI0D04444g1_1	4	4	5	3	4	3	3	0	2	4	2
YALI1_D35593g	Q6C7L9	YALI0D27016g1_1	4	3	5	5	0	6	6	4	9	7	6
YALI1_C23511g			4	3	5	4	4	7	9	2	7	6	2
YALI1_E26205g	Q6C503	YALI0E22220g1_1	2	2	4	3	1	6	6	7	4	4	5
YALI1_C03415g	Q6CDA3	YALI0C02431g1_1	6	8	4	4	11	6	6	9	10	9	6
YALI1_F30593g	Q6C0M8	YALI0F23353g1_1	7	4	5	3	5	4	3	6	7	6	8
YALI1_F19126g	Q6C1Q7	YALI0F14267g1_1	2	3	2	2	3	5	4	3	1	1	3
YALI1_C03461g	Q6CDA2	YALI0C02453g1_1	1	2	3	0	2	3	3	2	4	4	3
YALI1_E19138g	Q6C5Q9		0	0	2	3	1	2	5	3	3	0	5
YALI1_C25598g	Q6CBI6	YALI0C18425g1_1	0	0	3	1	2	2	2	4	2	2	2
YALI1_C31453g	F2Z617	YALI0C22770g1_1	0	0	2	2	2	0	0	3	1	2	2
YALI1_F19746g	Q6C1N3	YALI0F14795g1_1	0	2	1	1	2	0	0	2	0	5	1
YALI1_E00280g			1	2	1	0	0	2	0	3	1	2	2
YALI1_F13597g	Q6C280	YALI0F10054g1_1	1	1	0	2	2	0	0	1	2	4	1
YALI1_C04389g	Q6CD69	YALI0C03333g1_1	5	3	1	2	7	2	6	3	3	3	3
YALI1_D16236g	Q6C987	YALI0D13090g1_1	0	0	1	3	0	2	3	4	3	0	3
YALI1_E20751g	Q6C5J7	YALI0E17479g1_1	0	0	0	4	0	2	3	3	3	0	4
YALI1_F23784g	Q6C1A6	YALI0F17886g1_1	1	2	1	2	1	0	0	0	2	1	1
YALI1_A20855g	Q6CGF5	YALI0A19778g1_1	2	1	1	2	1	0	0	0	2	1	1
YALI1_D22906g	Q6C8N1	YALI0D18337g1_1	4	3	4	4	6	8	4	7	5	7	5
YALI1_E31827g	Q6C4G9	YALI0E26895g1_1	3	3	5	2	3	4	4	7	5	5	5
YALI1_E15144g	Q6C657	YALI0E12243g1_1	3	2	5	3	3	3	5	3	6	6	7
YALI1_E16174g	Q6C619	YALI0E13233g1_1	5	3	3	4	4	5	4	0	4	3	2
YALI1_B21423g	Q6CED9	YALI0B16434g1_1	2	1	0	1	1	0	2	1	3	3	2
YALI1_F21396g		YALI0F15917g1_1	2	1	2	3	3	2	4	1	1	1	2
YALI1_D15744g	Q6C9B0	YALI0D12606g1_1	8	9	6	7	5	2	8	12	7	6	7
YALI1_E23555g	Q6C5A6	YALI0E19657g1_1	4	6	6	6	6	6	4	11	6	8	7
YALI1_C02831g	Q6CDB3	YALI0C02057g1_1	4	5	11	5	9	3	4	2	4	8	1
YALI1_B11794g	Q6CFA9	YALI0B08756g1_1	0	0	4	0	1	4	2	0	2	1	1
YALI1_C24460g	Q6CBN0	YALI0C17083g1_1	1	1	2	0	1	4	2	3	1	2	3
YALI1_C30632g	Q6CB34	YALI0C22253g1_1	1	2	4	2	1	2	4	1	1	0	2
YALI1_B16446g	Q6CEV9	YALI0B12496g1_1	2	3	3	2	5	2	3	1	2	1	2
YALI1_F36233g	Q6C019	YALI0F28501g1_1	3	3	9	5	4	7	10	7	10	6	8
YALI1_F34675g	Q6C071	YALI0F27313g1_1	3	0	1	3	2	5	4	0	5	2	2
YALI1_F17756g	Q6C1U6	YALI0F13277g1_1	1	1	0	0	1	2	2	1	0	0	2
YALI1_E40995g	Q6C3I5	YALI0E34529g1_1	1	1	0	1	1	2	2	1	0	0	1
YALI1_F03529g	Q6C362	YALI0F02321g1_1	1	1	1	0	2	1	2	1	1	0	0
YALI1_F13202g	Q6C296	YALI0F09625g1_1	3	4	3	3	3	5	4	2	4	1	1
YALI1_C29066g	Q6CB91	YALI0C21021g1_1	0	4	2	2	0	5	7	6	0	0	7
YALI1_C19005g	Q6CC10	YALI0C13706g1_1	6	7	7	9	5	5	6	7	9	10	8
YALI1_A13566g	Q6CH22	YALI0A13541g1_1	6	4	4	4	2	4	3	6	0	0	4
YALI1_F15817g			0	0	3	3	2	5	3	2	1	3	3
YALI1_F18023g	Q6C1T6	YALI0F13497g1_1	3	2	2	1	3	1	1	0	2	1	0
YALI1_E33220g	Q6C4B8	YALI0E28182g1_1	0	2	3	3	1	1	3	2	0	1	0
YALI1_D29994g	Q6C830	YALI0D23243g1_1	0	0	0	2	0	2	3	3	1	0	1
YALI1_F09177g	Q6C2P8	YALI0F06116g1_1	10	11	10	11	8	6	7	8	11	9	10
YALI1_F28807g	Q6C0U1	YALI0F21769g1_1	5	1	3	2	4	5	6	4	4	2	3
YALI1_F36267g	Q6C017	YALI0F28545g1_1	2	2	3	3	6	4	4	2	4	3	3
YALI1_B10231g	Q6CFE4	YALI0B07755g1_1	2	2	0	1	1	4	3	0	0	3	2
YALI1_E38178g	B5FVG4	YALI0E32208g1_1	9	9	9	9	7	5	9	9	10	10	13
YALI1_B20276g	Q6CEI2	YALI0B15422g1_1	7	9	4	10	7	4	5	5	5	8	2
YALI1_E14698g	Q6C674	YALI0E11891g1_1	6	3	7	6	7	8	7	5	5	4	4
YALI1_E06355g	Q6C6X6	YALI0E05467g1_1	9	6	5	6	6	3	6	6	3	4	3
YALI1_F17265g	Q6C1W6	YALI0F12837g1_1	5	6	4	6	3	4	3	2	6	6	9
YALI1_E35410g	Q6C438	YALI0E29975g1_1	5	6	4	6	3	3	4	6	7	6	4
YALI1_F14342g	Q6C258	YALI0F10659g1_1	4	4	8	3	6	8	5	4	3	5	3
YALI1_E10755g	Q6C6K5	YALI0E08844g1_1	3	5	4	4	6	8	5	1	5	6	4
YALI1_E22592g	Q6C5E0	YALI0E18854g1_1	3	3	3	4	4	5	8	5	4	4	4
YALI1_F21690g	Q6C1H5	YALI0F16181g1_1	4	5	3	4	6	6	5	3	4	4	2
YALI1_F29038g	Q6C0T3	YALI0F21945g1_1	4	3	4	4	5	5	6	3	4	2	3
YALI1_B20589g	Q6CEG9	YALI0B15708g1_1	2	4	3	2	6	5	4	4	6	4	2
YALI1_D17854g	Q6C933	YALI0D14608g1_1	5	4	4	5	1	1	5	2	5	5	2
YALI1_E22787g	Q6C5D3	YALI0E19008g1_1	1	4	4	4	4	4	6	1	3	2	4
YALI1_F26519g	Q6C121	YALI0F19888g1_1	3	6	3	4	2	1	3	0	4	5	4
YALI1_B02881g	Q6CG08	YALI0B01892g1_1	3	4	1	4	2	1	3	7	2	3	4
YALI1_A02546g	Q6CI34	YALI0A02134g1_1	1	3	5	2	3	4	5	2	1	2	3
YALI1_B14959g		YALI0B11275g1_1	2	1	2	3	5	2	5	2	4	4	1
YALI1_D17355g	Q6C950	YALI0D14058g1_1	4	3	5	3	1	2	3	3	3	3	0
YALI1_C15186g	Q6CCB8	YALI0C10802g1_1	0	1	2	4	3	1	4	3	4	2	5
YALI1_D30653g	Q6C811	YALI0D23705g1_1	3	6	3	2	1	4	3	1	4	0	2
YALI1_C31791g	Q6CB01	YALI0C22990g1_1	4	3	1	4	1	2	2	1	1	2	2
YALI1_C14884g	Q6CCC7	YALI0C10604g1_1	4	3	1	3	4	1	2	2	1	1	1
YALI1_E13823g	Q6C6A8	YALI0E11033g1_1	1	2	0	2	2	2	2	1	5	4	1
YALI1_B02487g	Q6CG23	YALI0B01540g1_1	1	2	0	3	1	1	1	3	3	2	2
YALI1_F22794g	Q6C1E6	YALI0F16984g1_1	1	1	2	2	1	1	1	1	3	2	4
YALI1_F11313g	Q6C2G9	YALI0F07975g1_1	1	2	1	2	1	1	0	1	3	3	1
YALI1_B16705g			2	2	3	0	2	1	3	0	1	2	0
YALI1_B05762g	Q6CFS4	YALI0B04290g1_1	2	2	2	2	2	0	0	2	2	1	0
YALI1_E16974g			3	2	0	1	1	1	2	0	2	0	0
YALI1_C05423g	Q6CD36	YALI0C04114g1_1	1	2	0	0	1	1	0	1	0	2	4
YALI1_F11956g	Q6C2E4	YALI0F08591g1_1	0	0	1	1	1	2	1	3	0	1	2
YALI1_F38856g	Q6BZT0	YALI0F31141g1_1	1	2	1	3	0	1	1	0	1	0	2
YALI1_E12668g	Q6C6E9	YALI0E10087g1_1	1	1	1	1	0	3	2	0	1	1	0
YALI1_C11930g	Q6CCK1	YALI0C08723g1_1	1	2	2	1	1	0	1	0	1	1	0
YALI1_F39128g	Q6BZR4	YALI0F31493g1_1	0	1	1	0	0	1	1	1	1	3	1
YALI1_D20304g			1	2	1	1	0	0	1	0	1	0	1
YALI1_B22938g	Q6CE83	YALI0B17754g1_1	1	1	0	0	1	0	0	0	3	2	0
YALI1_C05554g	Q6CD34	YALI0C04158g1_1	1	1	0	0	0	1	0	0	0	1	4
YALI1_C09950g			0	0	1	0	0	1	2	2	1	1	0
YALI1_C16255g	Q6CC83	YALI0C11583g1_1	0	0	2	0	0	1	0	2	1	1	1
YALI1_F12176g	Q6C2D8	YALI0F08723g1_1	1	2	0	1	2	0	1	0	1	0	0
YALI1_A08512g	Q6CHH8	YALI0A08668g1_1	2	0	2	0	0	1	2	0	0	0	1
YALI1_E25211g		YALI0E21153g1_1	2	0	2	0	0	1	0	0	1	0	0
YALI1_A16509g	Q6CGS6	YALI0A16588g1_1	1	0	3	0	0	0	1	0	0	1	0
YALI1_B18902g	Q6CEN2	YALI0B14355g1_1	0	0	0	1	0	0	1	2	1	0	1
YALI1_B27500g	Q6CDU6	YALI0B21098g1_1	1	2	0	1	0	1	0	0	0	1	0
YALI1_C09285g	Q6CCS5	YALI0C06930g1_1	2	1	0	1	1	0	0	0	0	0	1
YALI1_C25367g	Q6CBJ5	YALI0C18227g1_1	0	0	0	1	1	0	2	0	1	0	0
YALI1_D18037g	Q6C926	YALI0D14850g1_1	2	3	4	3	2	2	6	6	4	5	5
YALI1_E06365g	Q6C6X5	YALI0E05489g1_1	3	6	4	7	4	4	6	4	2	4	2
YALI1_D05822g	Q6CA98	YALI0D04719g1_1	1	1	2	2	0	3	1	2	2	3	4
YALI1_B11960g	Q6CFA2	YALI0B08899g1_1	1	4	4	1	3	0	0	0	3	4	0
YALI1_A12411g	Q6CH57	YALI0A12155g1_1	1	1	2	0	1	2	3	1	1	0	1
YALI1_E02056g	Q6C7E4	YALI0E01496g1_1	0	0	3	0	2	2	2	1	0	1	2
YALI1_E24343g	Q6C573	YALI0E20493g1_1	0	0	1	2	0	1	5	0	1	0	3
YALI1_F33790g	Q6C0A8	YALI0F26367g1_1	1	1	1	1	1	2	3	1	1	0	1
YALI1_F36733g	Q6C005	YALI0F29139g1_1	1	1	1	1	2	1	3	0	1	1	1
YALI1_C07239g	F2Z5Y1	YALI0C05665g1_1	8	4	5	7	8	6	11	3	7	6	6
YALI1_F17949g	Q6C1U0	YALI0F13409g1_1	7	5	3	5	8	6	7	7	7	8	8
YALI1_C15489g	Q6CCA6	YALI0C11055g1_1	2	4	1	3	3	3	2	5	5	4	3
YALI1_B19576g	Q6CEK6	YALI0B14927g1_1	5	2	3	2	4	1	3	2	1	2	1
YALI1_F28092g	Q6C0W3	YALI0F21219g1_1	2	0	2	2	1	3	4	4	4	1	3
YALI1_B00525g	Q6CG65	YALI0B00528g1_1	2	3	1	2	2	2	3	1	1	1	1
YALI1_B05646g	Q6CFS7	YALI0B04224g1_1	3	3	2	0	3	3	3	4	4	3	4
YALI1_B26984g	Q6CDW7	YALI0B20636g1_1	3	2	4	2	2	4	3	2	2	1	1
YALI1_D21586g	Q6C8R4	YALI0D17622g1_1	0	2	3	1	1	2	3	0	1	2	0
YALI1_B23981g	Q6CE53	YALI0B18480g1_1	2	2	0	2	2	1	3	0	1	2	0
YALI1_C03246g	Q6CDA8	YALI0C02321g1_1	2	0	2	0	2	2	2	4	1	2	2
YALI1_E38243g	Q6C3T3	YALI0E32307g1_1	8	6	7	8	8	7	10	7	6	4	5
YALI1_C25307g	Q6CBJ8	YALI0C18161g1_1	3	4	7	2	4	6	8	3	4	3	5
YALI1_A18344g	Q6CGM4	YALI0A18062g1_1	2	2	1	3	3	1	1	3	4	4	2
YALI1_E03672g	Q6C778	YALI0E03102g1_1	3	4	7	3	1	4	4	4	4	4	9
YALI1_B28744g			2	0	1	1	0	2	5	0	1	2	2
YALI1_F17215g		YALI0F12826g1_1	1	0	2	1	3	1	3	0	2	1	2
YALI1_C29983g	Q6CB59	YALI0C21692g1_1	0	2	1	3	0	2	1	1	0	0	1
YALI1_B18798g	Q6CEN7	YALI0B14245g1_1	1	1	3	1	0	2	1	0	1	1	0
YALI1_E39083g	Q6C3Q7	YALI0E32879g1_1	2	1	2	1	0	2	1	1	1	0	0
YALI1_F23368g	Q6C1C1	YALI0F17556g1_1	0	0	2	0	0	1	2	2	1	1	2
YALI1_F06904g	Q6C2W7	YALI0F04532g1_1	1	1	1	2	2	1	1	2	2	3	3
YALI1_D34621g			0	1	2	2	1	2	3	0	0	2	1
YALI1_E11587g	Q6C6H9	YALI0E09405g1_1	0	3	0	0	0	0	6	5	0	0	0
YALI1_E32423g	Q6C4E1	YALI0E27511g1_1	4	4	5	2	0	2	4	5	3	1	1
YALI1_F03778g	Q6C355	YALI0F02475g1_1	3	5	5	7	5	3	6	7	6	6	9
YALI1_D01298g	Q6CAP0	YALI0D01133g1_1	4	7	7	5	8	3	6	1	6	6	2
YALI1_D11015g	Q6C9T3	YALI0D08558g1_1	6	4	2	5	3	3	1	4	3	5	0
YALI1_B29548g	F2Z6D3	YALI0B22660g1_1	2	1	1	2	0	1	7	0	2	1	2
YALI1_B18384g	Q6CEQ4	YALI0B13882g1_1	4	4	5	8	3	3	4	4	5	3	2
YALI1_C25352g	Q6CBJ6	YALI0C18205g1_1	4	3	3	2	4	7	4	4	4	4	6
YALI1_C04093g	Q6CD79	YALI0C03025g1_1	5	3	3	5	3	3	3	0	4	3	2
YALI1_D09831g	Q6C9X3	YALI0D07612g1_1	2	3	8	3	3	4	2	2	2	3	2
YALI1_C00615g	Q6CDH5	YALI0C00473g1_1	4	4	5	5	2	4	2	4	2	4	2
YALI1_D29768g	Q6C836	YALI0D23067g1_1	0	1	2	4	2	1	6	1	5	0	0
YALI1_C28497g	Q6CBB0	YALI0C20427g1_1	2	0	3	2	2	3	4	2	1	2	1
YALI1_F10688g	Q6C2J6	YALI0F07337g1_1	4	1	3	1	1	1	3	0	1	1	2
YALI1_D09667g	Q6C9X7	YALI0D07524g1_1	2	2	2	3	2	1	2	0	1	2	1
YALI1_A04576g	P41925	YALI0A04367g1_1	0	1	1	1	1	0	0	1	1	2	1
YALI1_B24471g	Q6CE39	YALI0B18788g1_1	0	1	1	1	1	0	0	1	1	2	1
YALI1_F32342g	Q6C0G1	YALI0F25025g1_1	4	4	8	10	4	6	7	10	3	2	2
YALI1_F35476g	Q6C047	YALI0F27841g1_1	2	0	7	4	2	4	6	5	4	5	7
YALI1_B15692g	Q6CEY4	YALI0B11880g1_1	2	3	3	4	5	4	5	4	5	3	7
YALI1_F33579g	Q6C0B7	YALI0F26125g1_1	5	6	4	2	2	2	3	4	3	3	3
YALI1_F24742g	Q6C178	YALI0F18568g1_1	2	2	3	2	2	3	7	3	2	2	3
YALI1_F00894g		YALI0F00572g1_1	0	5	3	5	1	4	0	2	3	4	3
YALI1_D29279g			2	4	4	3	3	0	2	4	3	3	2
YALI1_E15889g	Q6C631	YALI0E12969g1_1	2	3	4	1	1	4	4	0	0	4	2
YALI1_F00307g	Q6C3F0	YALI0F00286g1_1	0	2	2	4	1	7	2	0	1	3	3
YALI1_E21430g	Q6C5H3	YALI0E18051g1_1	2	2	0	1	1	3	3	3	2	2	3
YALI1_A10146g	Q6CHC4	YALI0A10274g1_1	1	2	1	1	1	0	0	2	1	0	1
YALI1_E23736g			2	0	1	1	0	0	1	2	0	2	1
YALI1_C01244g			1	1	1	0	1	0	0	1	1	2	1
YALI1_F08225g	Q6C2S7	YALI0F05500g1_1	1	1	2	1	0	1	0	1	0	1	1
YALI1_F17138g	Q6C1W8	YALI0F12793g1_1	2	3	0	0	0	1	0	3	0	0	0
YALI1_E04590g	Q6C748	YALI0E03806g1_1	0	0	1	2	1	0	0	2	1	0	2
YALI1_F04594g	Q6C321	YALI0F03300g1_1	0	1	0	0	0	0	2	1	2	0	1
YALI1_C23504g	Q6CBR0	YALI0C16412g1_1	0	0	1	0	0	1	1	2	1	1	0
YALI1_C30287g	Q6CB48	YALI0C21956g1_1	0	0	1	0	0	0	2	1	0	0	3
YALI1_E01286g	Q6C7H1	YALI0E00880g1_1	3	5	5	4	7	7	6	4	6	6	4
YALI1_E17355g	Q6C5X5	YALI0E14322g1_1	2	4	6	2	4	6	7	4	4	5	3
YALI1_D11343g	Q6C9S0	YALI0D08844g1_1	4	3	5	10	5	9	7	3	8	3	4
YALI1_D03663g	Q6CAG8	YALI0D02871g1_1	2	5	6	4	4	4	8	6	8	6	6
YALI1_B27777g	Q6CDT5	YALI0B21340g1_1	7	6	6	3	4	8	8	5	4	3	5
YALI1_B20527g	Q6CEH1	YALI0B15664g1_1	6	2	3	4	4	5	4	2	4	2	2
YALI1_E08114g	Q6C6S1	YALI0E06765g1_1	6	6	5	9	5	4	7	7	7	7	11
YALI1_F12422g	Q6C2D1	YALI0F08877g1_1	4	1	3	1	1	3	3	5	2	3	5
YALI1_E17171g	Q6C5Y2	YALI0E14124g1_1	1	1	1	1	1	0	1	0	3	2	2
YALI1_E25675g	Q6C524	YALI0E21648g1_1	1	1	1	1	0	0	2	0	2	5	0
YALI1_D26610g	Q6C8B6	YALI0D21010g1_1	2	0	6	5	2	1	2	2	3	2	2
YALI1_C25829g	Q6CBH9	YALI0C18623g1_1	1	2	1	1	3	2	3	1	2	3	2
YALI1_B02415g	Q6CG27	YALI0B01408g1_1	2	3	1	1	3	3	1	4	2	4	3
YALI1_E16164g	Q6C620	YALI0E13211g1_1	0	0	1	1	1	1	2	1	1	0	0
YALI1_E41057g	Q6C3I4	YALI0E34551g1_1	1	1	2	3	4	2	2	0	1	3	1
YALI1_B26749g	Q6CDX6	YALI0B20438g1_1	0	1	5	1	2	3	3	2	1	1	1
YALI1_F35542g	Q6C045	YALI0F27885g1_1	3	4	4	6	3	2	5	3	1	2	4
YALI1_E05576g	Q6C715	YALI0E04576g1_1	4	5	4	4	3	2	5	2	2	4	2
YALI1_F31822g	Q6C0I3	YALI0F24431g1_1	0	0	0	3	1	0	2	0	1	0	0
YALI1_E40785g	Q6C3J1	YALI0E34397g1_1	1	0	0	0	0	2	1	1	2	0	0
YALI1_D01123g	Q6CAP3	YALI0D01067g1_1	0	0	1	0	2	0	1	1	0	0	2
YALI1_F30703g	Q6C0M4	YALI0F23441g1_1	0	1	0	2	2	0	1	0	1	0	0
YALI1_C17238g	Q6CC57	YALI0C12276g1_1	1	3	2	5	4	5	5	3	4	3	3
YALI1_C31918g	Q6CAZ6	YALI0C23122g1_1	2	5	0	4	2	4	6	5	5	3	5
YALI1_E04575g	Q6C749	YALI0E03784g1_1	3	1	5	2	3	4	5	4	1	2	2
YALI1_A10934g	Q6CHA1	YALI0A10879g1_1	3	3	3	2	2	3	7	3	2	3	1
YALI1_A21265g	Q6CGD5	YALI0A20207g1_1	4	4	2	5	3	2	5	5	5	4	7
YALI1_F03215g	B5RSK5	YALI0F02046g1_1	3	2	3	4	5	6	4	4	4	3	4
YALI1_F10633g	F2Z6C7	YALI0F07260g1_1	1	2	3	1	4	3	3	5	2	2	1
YALI1_F15265g	Q6C222	YALI0F11517g1_1	1	1	1	2	2	1	2	3	3	2	2
YALI1_E33527g	Q6C4A8	YALI0E28371g1_1	1	1	0	3	3	2	0	1	4	2	3
YALI1_D09785g	Q6C9X5	YALI0D07568g1_1	3	2	3	2	1	1	3	1	1	1	2
YALI1_C04672g	Q6CD60	YALI0C03520g1_1	1	1	0	1	0	2	1	5	1	0	1
YALI1_E11323g	Q6C6I9	YALI0E09174g1_1	2	1	0	2	0	0	4	1	0	1	0
YALI1_E24513g	Q6C565	YALI0E20669g1_1	0	1	3	1	1	1	2	0	0	1	1
YALI1_C16621g	Q6CC71	YALI0C11880g1_1	3	5	4	2	5	5	6	4	2	4	4
YALI1_F31001g	Q6C0L7	YALI0F23595g1_1	3	2	5	0	4	3	6	4	4	2	3
YALI1_B12042g	Q6CF99	YALI0B08965g1_1	0	0	0	1	0	1	2	0	2	0	0
YALI1_F39001g	Q6BZS2	YALI0F31317g1_1	1	0	2	2	0	3	3	5	2	2	1
YALI1_F13579g	Q6C281	YALI0F10032g1_1	0	6	6	6	3	3	2	4	5	4	3
YALI1_C30514g	Q6CB38	YALI0C22165g1_1	3	5	4	4	4	0	4	3	5	7	3
YALI1_F39645g	Q6BZP4	YALI0F32021g1_1	2	2	1	2	1	1	1	1	3	2	3
YALI1_A08729g	Q6CHH1	YALI0A09020g1_1	1	2	2	2	1	1	2	1	0	2	0
YALI1_D09534g	Q6C9Y0	YALI0D07458g1_1	1	1	0	1	1	1	2	1	2	3	1
YALI1_A01864g	B5RSJ5	YALI0A01452g1_1	0	0	2	1	0	3	2	1	0	0	2
YALI1_D10623g	Q6C9U5	YALI0D08294g1_1	0	1	1	1	1	1	3	0	1	1	1
YALI1_E19826g	Q6C5N2	YALI0E16621g1_1	1	2	0	0	0	2	3	2	1	0	0
YALI1_E35082g	Q6C450	YALI0E29667g1_1	4	5	4	7	7	4	3	0	5	5	3
YALI1_E08828g	Q6C6P9	YALI0E07425g1_1	3	5	9	4	5	6	6	2	6	4	3
YALI1_D20768g	Q6C8U8	YALI0D16863g1_1	3	4	3	6	6	3	9	2	9	3	3
YALI1_E17069g	Q6C5Y6	YALI0E14036g1_1	2	2	5	0	4	4	2	4	3	4	4
YALI1_F21778g	Q6C1H1	YALI0F16313g1_1	4	2	2	2	2	0	2	1	4	1	0
YALI1_C10492g	Q6CCN7	YALI0C07887g1_1	5	5	5	7	3	3	5	8	6	4	4
YALI1_F27834g	Q6C0X5	YALI0F20966g1_1	4	2	1	2	5	3	3	0	4	5	0
YALI1_A22440g	Q6CG81	YALI0A21417g1_1	1	4	1	2	3	2	5	3	1	2	2
YALI1_C30255g	Q6CB49	YALI0C21934g1_1	5	5	4	6	5	3	5	3	3	4	3
YALI1_E31351g	Q6C4I9	YALI0E26389g1_1	4	3	3	4	2	3	4	5	4	5	5
YALI1_E23610g	Q6C5A4	YALI0E19701g1_1	4	4	2	4	3	2	4	6	3	5	5
YALI1_D24649g	Q6C8I1	YALI0D19426g1_1	4	5	4	2	4	2	3	2	3	2	2
YALI1_D02087g	Q6CAL1	YALI0D01804g1_1	1	3	2	2	2	2	1	1	4	3	4
YALI1_E34494g	Q6C472	YALI0E29205g1_1	1	0	1	3	3	2	2	0	4	0	1
YALI1_E02317g	Q6C7D2	YALI0E01782g1_1	2	2	2	0	5	0	3	0	4	2	0
YALI1_E24886g	Q6C553	YALI0E20933g1_1	5	5	4	2	3	3	1	2	1	7	3
YALI1_D32070g	Q6C7Y5	YALI0D24343g1_1	3	0	4	3	3	2	2	5	3	5	2
YALI1_F28274g	Q6C0V4	YALI0F21406g1_1	2	2	2	0	3	0	2	1	1	1	0
YALI1_C30614g	Q6CB35	YALI0C22231g1_1	1	1	1	3	1	1	3	0	2	1	0
YALI1_D35394g	Q6C7M7	YALI0D26840g1_1	1	3	1	2	2	2	2	5	4	2	1
YALI1_E11674g	O43108	YALI0E09471g1_1	3	7	5	4	6	6	4	3	5	4	2
YALI1_C04281g	Q6CD73	YALI0C03201g1_1	0	0	0	2	0	1	1	2	2	1	0
YALI1_B25734g	Q6CE09	YALI0B19624g1_1	2	2	0	1	2	0	0	1	0	1	0
YALI1_D08429g	Q6CA20	YALI0D06589g1_1	0	0	0	2	0	2	0	3	0	0	2
YALI1_B05483g	Q6CFT3	YALI0B04092g1_1	4	3	6	4	4	9	4	5	4	3	3
YALI1_E07535g	Q6C6U0	YALI0E06347g1_1	4	2	1	4	5	3	4	4	4	5	4
YALI1_B07549g	Q6CFM9	YALI0B05522g1_1	3	2	4	3	6	3	5	3	4	3	3
YALI1_F28633g	Q6C0U5	YALI0F21681g1_1	2	2	4	4	2	2	2	3	4	4	3
YALI1_F26574g	Q6C120	YALI0F19910g1_1	2	3	2	5	2	3	1	3	5	4	2
YALI1_E07984g	Q6C6S7	YALI0E06633g1_1	3	4	1	2	4	2	2	1	3	2	0
YALI1_A06361g	Q6CHP7	YALI0A06655g1_1	0	1	4	1	2	3	3	3	1	3	3
YALI1_B11519g	Q6CFB7	YALI0B08514g1_1	0	1	1	0	1	1	2	1	0	2	0
YALI1_F04690g	Q6C318	YALI0F03366g1_1	0	0	2	2	0	1	0	0	1	2	1
YALI1_F37481g	Q6BZY4	YALI0F29931g1_1	2	1	0	1	1	0	0	1	0	2	1
YALI1_D24918g	Q6C8H3	YALI0D19602g1_1	1	0	3	0	1	0	0	0	2	1	1
YALI1_F24635g	Q6C182	YALI0F18480g1_1	0	0	2	0	0	4	0	1	1	0	1
YALI1_B20130g	Q6CEI9	YALI0B15290g1_1	1	2	1	0	0	0	1	0	1	2	1
YALI1_F26860g	Q6C110	YALI0F20196g1_1	1	0	1	0	1	1	2	1	1	1	0
YALI1_F37248g	B5RSM3	YALI0F29678g1_1	3	3	2	3	3	0	2	3	4	3	2
YALI1_E00437g	Q6C7K1	YALI0E00154g1_1	4	1	1	2	3	1	1	1	1	1	1
YALI1_E27406g	Q6C4W1	YALI0E23265g1_1	4	2	6	6	4	4	5	3	3	2	4
YALI1_A21720g	Q6CGB3	YALI0A20702g1_1	2	3	3	4	4	6	3	3	2	3	3
YALI1_D02362g	Q6CAK0	YALI0D02101g1_1	4	4	5	5	4	5	8	3	3	6	3
YALI1_F15708g	Q6C206	YALI0F11869g1_1	4	1	4	5	3	6	7	3	4	3	6
YALI1_D18014g	Q6C927	YALI0D14784g1_1	1	1	2	3	2	0	4	1	1	2	0
YALI1_A19974g	Q6CGI5	YALI0A19030g1_1	1	2	2	2	2	1	3	0	2	1	1
YALI1_B06704g	Q6CFQ4	YALI0B04840g1_1	2	2	2	1	2	1	3	0	1	2	1
YALI1_E34367g	F2Z673	YALI0E29095g1_1	2	0	2	3	3	0	3	1	0	0	3
YALI1_E05709g	Q6C705	YALI0E04785g1_1	1	1	2	1	0	1	2	1	0	0	1
YALI1_E19314g	Q6C5Q5	YALI0E16126g1_1	1	0	4	0	0	0	3	0	1	1	0
YALI1_D20758g	Q6C8U9	YALI0D16841g1_1	0	0	0	2	1	1	1	0	1	3	1
YALI1_E24894g	Q6C552	YALI0E20955g1_1	0	0	0	2	1	0	2	0	1	1	3
YALI1_C17820g	Q6CC42	YALI0C12639g1_1	1	2	1	1	1	1	1	1	0	1	0
YALI1_D13450g	Q6C9J3	YALI0D10769g1_1	1	2	1	0	1	0	0	0	1	1	0
YALI1_B12917g	Q6CF76	YALI0B09603g1_1	0	2	1	1	0	0	1	0	2	0	0
YALI1_B10582g	Q6CFD5	YALI0B08096g1_1	3	3	3	3	3	2	0	2	2	3	2
YALI1_F21362g	Q6C1I9	YALI0F15873g1_1	2	2	4	5	4	3	8	1	4	7	3
YALI1_C30399g	Q6CB43	YALI0C22066g1_1	1	1	6	4	3	3	4	0	5	2	1
YALI1_E01623g	Q6C7G1	YALI0E01100g1_1	2	0	2	3	1	2	4	2	2	3	5
YALI1_E16919g	Q6C5Z2	YALI0E13904g1_1	0	0	1	4	1	0	2	2	2	3	1
YALI1_B16735g			2	5	4	3	5	6	5	2	6	3	6
YALI1_C17411g	Q6CC56	YALI0C12342g1_1	1	3	5	3	3	4	7	5	3	5	3
YALI1_E28490g	Q6C4T1	YALI0E23969g1_1	0	2	3	3	4	3	2	2	5	3	3
YALI1_A04561g	Q6CHW0	YALI0A04345g1_1	2	3	4	4	3	5	1	1	3	2	2
YALI1_C07816g	Q6CCW0	YALI0C06083g1_1	6	3	2	2	3	3	3	2	3	2	1
YALI1_E12244g	Q6C6G0	YALI0E09845g1_1	2	2	3	6	2	4	3	2	0	2	4
YALI1_D04901g	Q6CAD1	YALI0D03916g1_1	2	2	3	3	2	2	1	2	1	4	5
YALI1_F12080g	Q6C2E1	YALI0F08657g1_1	2	4	3	1	2	2	1	2	4	2	4
YALI1_C12845g	Q6CCH9	YALI0C09232g1_1	2	2	3	2	3	4	4	3	2	3	2
YALI1_E19371g	Q6C5Q1	YALI0E16214g1_1	3	6	6	3	1	5	3	4	3	6	5
YALI1_F09289g	Q6C2P3	YALI0F06226g1_1	3	2	6	2	2	7	6	4	2	4	6
YALI1_E09128g		YALI0E07623g1_1	2	4	5	5	2	2	4	4	2	4	1
YALI1_D32594g	Q6C7X2	YALI0D24629g1_1	2	1	2	3	4	2	4	3	1	2	3
YALI1_E23578g			0	2	4	3	3	3	4	2	1	1	4
YALI1_D28842g	Q6C854	YALI0D22594g1_1	2	3	2	2	1	1	2	1	3	4	2
YALI1_E29481g	Q6C4P9	YALI0E24673g1_1	4	2	1	3	2	0	2	0	2	3	2
YALI1_D27780g	Q6C879	YALI0D21978g1_1	2	0	4	2	2	3	2	0	3	1	1
YALI1_F30641g	F2Z6C2	YALI0F23375g1_1	1	1	3	0	2	3	2	1	2	1	4
YALI1_E07657g	Q6C6T6	YALI0E06435g1_1	2	1	3	2	2	1	4	0	4	1	0
YALI1_F31568g	Q6C0J4	YALI0F24145g1_1	0	1	1	1	0	3	2	0	2	2	1
YALI1_B23440g	Q6CE68	YALI0B18150g1_1	1	0	1	1	3	2	0	1	1	2	1
YALI1_B22549g	Q6CEA0	YALI0B17336g1_1	0	1	0	2	3	2	0	3	2	0	0
YALI1_D35356g	Q6C7M8	YALI0D26818g1_1	1	0	1	1	1	2	2	2	0	1	2
YALI1_F05781g	Q6C2Z4	YALI0F03883g1_1	0	1	3	1	1	1	3	0	0	2	1
YALI1_C29854g	Q6CB64	YALI0C21582g1_1	1	0	2	1	2	3	0	1	0	0	2
YALI1_F33951g	Q6C0A1	YALI0F26521g1_1	0	0	2	2	0	2	3	2	0	1	0
YALI1_E29512g	Q6C4P8	YALI0E24695g1_1	4	3	5	5	5	1	2	2	6	4	2
YALI1_A10907g	Q6CHA2	YALI0A10813g1_1	2	3	4	5	4	4	5	3	4	2	2
YALI1_B06447g	Q6CFQ7	YALI0B04708g1_1	2	2	4	1	1	3	2	4	3	2	4
YALI1_D13686g	Q6C9I6	YALI0D10923g1_1	2	2	1	2	3	2	3	1	1	1	3
YALI1_B06847g	Q6CFP9	YALI0B04950g1_1	1	2	2	2	2	2	4	1	4	1	0
YALI1_E11370g	Q6C6I6	YALI0E09240g1_1	1	2	2	2	0	4	4	2	2	1	1
YALI1_F02758g	Q6C387	YALI0F01771g1_1	1	1	0	3	3	0	3	0	2	2	0
YALI1_C33270g	Q6CAU6	YALI0C24233g1_1	1	2	0	2	3	0	3	0	2	2	0
YALI1_E24360g	Q6C572	YALI0E20515g1_1	2	1	1	1	2	2	2	0	2	0	2
YALI1_A05091g	Q6CHU2	YALI0A04961g1_1	1	1	2	1	2	2	2	0	2	1	1
YALI1_E09750g	Q6C6N0	YALI0E08030g1_1	0	2	4	3	3	2	1	0	3	2	0
YALI1_D11354g	Q6C9R9	YALI0D08866g1_1	0	1	2	2	1	2	4	2	1	1	2
YALI1_E17258g	Q6C5X7	YALI0E14234g1_1	4	3	4	2	5	2	5	3	2	2	3
YALI1_C25244g	Q6CBK2	YALI0C18073g1_1	4	4	6	1	2	5	4	4	0	3	3
YALI1_D19039g	Q6C8Z7	YALI0D15532g1_1	2	3	4	2	3	3	5	2	2	4	1
YALI1_E02007g	Q6C7E6	YALI0E01452g1_1	2	4	1	1	5	3	2	3	2	4	2
YALI1_F24708g	Q6C179	YALI0F18546g1_1	1	1	2	2	2	2	2	1	1	2	0
YALI1_F19635g	Q6C1N7	YALI0F14707g1_1	0	0	1	0	1	0	0	1	0	2	0
YALI1_C23359g	Q6CBR3	YALI0C16346g1_1	0	1	0	0	0	0	1	1	2	0	0
YALI1_B13699g	Q6CF55	YALI0B10153g1_1	0	0	0	1	0	0	1	0	2	1	0
YALI1_D15296g	Q6C9C7	YALI0D12254g1_1	1	0	0	0	1	0	0	0	0	1	2
YALI1_B21855g	Q6CEC2	YALI0B16808g1_1	2	2	4	2	3	3	4	3	0	3	2
YALI1_C03988g	Q6CD82	YALI0C02959g1_1	2	2	1	3	4	2	4	2	3	3	2
YALI1_F29765g	Q874C0	YALI0F22539g1_1	2	2	2	3	3	4	2	0	3	3	1
YALI1_D19365g	Q6C8Y4	YALI0D15840g1_1	0	2	2	2	2	2	4	3	0	2	3
YALI1_D22157g	Q6C8Q2	YALI0D17886g1_1	2	2	3	1	3	2	3	2	1	1	2
YALI1_E10712g	Q6C6K6	YALI0E08822g1_1	1	2	2	1	2	2	4	3	0	2	3
YALI1_C21603g	Q6CBV0	YALI0C15290g1_1	2	2	3	2	2	1	2	1	2	1	1
YALI1_A07267g	Q6CHL3	YALI0A07689g1_1	1	1	2	2	0	2	0	0	1	1	2
YALI1_B01813g	Q6CG41	YALI0B01056g1_1	3	0	2	1	0	1	1	1	1	1	1
YALI1_E21053g	Q6C5I7	YALI0E17743g1_1	1	2	0	0	1	0	0	0	3	1	0
YALI1_B28511g	Q6CDR2	YALI0B21912g1_1	0	1	2	1	0	0	1	0	0	2	1
YALI1_E02372g	Q6C7C9	YALI0E01848g1_1	1	1	1	0	0	1	0	0	2	0	2
YALI1_F34472g	Q6C079	YALI0F27093g1_1	1	0	0	0	1	1	0	1	0	2	0
YALI1_C03735g	Q6CD93	YALI0C02651g1_1	1	0	0	0	2	0	0	0	1	2	0
YALI1_F31866g	Q6C0I0	YALI0F24497g1_1	1	0	1	1	0	0	2	0	0	1	0
YALI1_C08065g	Q6CCV4	YALI0C06215g1_1	1	0	0	2	0	0	2	1	0	0	0
YALI1_F09017g	B5RSK9	YALI0F06061g1_1	3	3	3	5	2	2	4	3	2	2	2
YALI1_D19306g			3	1	4	1	1	3	4	4	3	3	4
YALI1_B21966g	Q6CEB9	YALI0B16874g1_1	4	1	2	2	2	2	4	0	7	3	4
YALI1_B29528g	Q6CDN3	YALI0B22616g1_1	2	2	2	3	2	4	2	3	4	4	3
YALI1_D05956g	Q6CA95	YALI0D04785g1_1	1	1	3	1	0	1	1	0	1	3	1
YALI1_F32167g	Q6C0G9	YALI0F24783g1_1	0	2	3	1	3	2	2	3	2	4	1
YALI1_F16478g	Q6C1Y6	YALI0F12331g1_1	1	2	1	2	2	1	1	0	1	2	0
YALI1_B18311g	F2Z6H3	YALI0B13816g1_1	1	1	1	1	1	1	1	1	3	2	1
YALI1_D14915g	Q6C9D6	YALI0D12056g1_1	1	1	1	1	1	1	1	2	1	1	3
YALI1_D07124g	Q6CA66	YALI0D05511g1_1	3	4	0	0	3	0	0	1	1	2	0
YALI1_D30941g	Q6C803	YALI0D23881g1_1	1	0	2	1	1	2	0	2	2	1	2
YALI1_E40467g	Q6C3K3	YALI0E34111g1_1	2	3	2	4	1	1	6	0	3	2	2
YALI1_D28890g	Q6C853	YALI0D22616g1_1	3	3	6	3	5	2	3	3	3	0	4
YALI1_E09082g	Q6C6P3	YALI0E07601g1_1	1	2	2	4	1	1	2	1	4	1	0
YALI1_C25301g	Q6CBJ9	YALI0C18139g1_1	2	2	2	1	2	3	1	2	5	0	4
YALI1_B30039g	Q6CDL0	YALI0B23122g1_1	3	3	1	4	3	1	2	0	3	4	0
YALI1_F14290g	Q6C260	YALI0F10615g1_1	2	2	2	1	2	1	2	1	2	0	1
YALI1_C09696g	Q6CCR1	YALI0C07304g1_1	1	1	4	1	3	1	1	0	2	1	1
YALI1_D14462g	B5FVE7	YALI0D11627g1_1	1	2	1	0	1	2	2	2	3	2	0
YALI1_D30058g	Q6C829	YALI0D23265g1_1	0	0	2	2	3	2	0	2	3	2	0
YALI1_A21043g	Q6CGE6	YALI0A19976g1_1	3	2	0	2	2	0	3	0	2	2	0
YALI1_B20777g	Q6CEG5	YALI0B15818g1_1	0	2	1	1	3	1	1	1	1	3	2
YALI1_B05520g	Q6CFT1	YALI0B04136g1_1	0	1	0	0	0	2	0	0	0	0	1
YALI1_F33819g	Q6C0A5	YALI0F26433g1_1	0	0	1	0	0	0	2	1	0	0	0
YALI1_A06721g	Q6CHM9	YALI0A07062g1_1	0	0	0	1	0	0	2	0	0	0	1
YALI1_B19962g	Q6CEJ6	YALI0B15147g1_1	0	0	5	2	2	2	3	3	1	3	4
YALI1_D27748g	Q6C881	YALI0D21934g1_1	3	0	4	4	0	3	4	3	0	2	2
YALI1_E30400g	Q6C4M1	YALI0E25652g1_1	0	1	2	2	2	2	2	1	2	3	2
YALI1_F31672g	Q6C0J1	YALI0F24255g1_1	3	3	4	4	2	2	3	3	4	4	2
YALI1_C05857g	Q6CD23		1	0	1	0	0	2	1	1	1	1	1
YALI1_C21639g	Q6CBU8	YALI0C15334g1_1	0	2	1	1	1	1	1	0	2	0	0
YALI1_C33406g	Q6CAU0	(YALI0C24354g1_1-YALI0C24354g2_1)	0	0	2	2	0	1	2	0	0	0	2
YALI1_E22576g	Q6C5E1	YALI0E18832g1_1	0	1	1	2	1	1	1	0	1	1	0
YALI1_B04974g	Q6CFU9	YALI0B03520g1_1	0	0	2	2	0	1	2	0	1	0	1
YALI1_D12750g	Q6C9L9	YALI0D10065g1_1	1	1	3	3	2	2	3	2	2	3	5
YALI1_F23719g		YALI0F17864g1_1	1	2	0	1	2	1	1	3	2	2	0
YALI1_E16950g	Q6C5Z1	YALI0E13926g1_1	1	1	1	1	2	1	1	2	2	1	2
YALI1_F06262g	Q6C2Y2	YALI0F04125g1_1	1	1	4	1	1	1	2	1	1	1	1
YALI1_E35843g		YALI0E30525g1_1	3	1	1	1	3	1	3	2	2	3	2
YALI1_F09563g	Q6C2N2	YALI0F06446g1_1	2	1	4	2	2	0	5	0	3	3	0
YALI1_D07427g	Q6CA54	YALI0D05775g1_1	2	4	6	2	1	2	4	1	4	4	3
YALI1_F23024g	Q6C1D4	YALI0F17270g1_1	2	3	3	4	2	3	2	3	3	4	4
YALI1_A21746g	Q6CGB2	YALI0A20724g1_1	0	5	2	4	2	2	5	1	4	2	1
YALI1_F36760g	Q6C003	YALI0F29183g1_1	3	3	3	0	3	1	2	1	4	5	2
YALI1_B27837g	Q6CDT3	YALI0B21384g1_1	4	3	1	2	4	3	1	1	3	3	0
YALI1_D04772g	Q6CAD4	YALI0D03762g1_1	1	0	3	3	1	3	4	5	2	0	3
YALI1_E13514g	Q6C6C3	YALI0E10637g1_1	2	2	1	0	3	0	3	0	2	2	1
YALI1_D00848g	Q6CAQ5	YALI0D00803g1_1	1	3	1	0	3	2	1	1	1	1	2
YALI1_D17410g	Q6C948	YALI0D14102g1_1	3	1	0	1	0	1	1	1	1	0	1
YALI1_E30234g	Q6C4M6	YALI0E25223g1_1	0	1	1	1	1	0	1	0	2	1	2
YALI1_F28453g	Q6C0V2	YALI0F21483g1_1	0	2	1	2	0	1	1	0	2	1	0
YALI1_E07471g	Q6C6U5	YALI0E06149g1_1	1	2	2	0	2	0	0	0	0	1	2
YALI1_C23989g	Q6CBP2	YALI0C16819g1_1	2	0	0	0	1	1	1	0	2	0	0
YALI1_D21023g	Q6C8T8	YALI0D17072g1_1	2	0	0	0	2	1	0	2	0	0	0
YALI1_E21312g	Q6C5H7	YALI0E17963g1_1	0	0	0	2	1	1	1	0	1	0	1
YALI1_B13723g	Q6CF54	YALI0B10175g1_1	2	1	1	0	1	2	2	1	1	1	1
YALI1_E38308g	Q6C3T1	YALI0E32351g1_1	1	2	0	1	3	1	1	2	1	1	0
YALI1_E01649g	Q6C7G0	YALI0E01122g1_1	0	0	2	2	3	1	1	2	0	0	2
YALI1_D30922g	Q6C804	YALI0D23859g1_1	2	0	0	2	1	1	3	1	1	0	2
YALI1_C06414g	Q6CD05	YALI0C04928g1_1	1	0	1	2	1	1	3	1	1	1	1
YALI1_B18347g	F2Z5W7	YALI0B13838g1_1	1	0	4	0	0	1	1	1	1	2	1
YALI1_E35753g	Q6C424	YALI0E30371g1_1	2	1	1	1	1	1	0	1	1	2	1
YALI1_F02238g	Q6C3A2	YALI0F01430g1_1	1	0	2	2	2	0	0	2	2	1	0
YALI1_C32253g	Q6CAY3	YALI0C23386g1_1	0	0	1	2	0	1	3	0	0	3	0
YALI1_E08440g	Q6C6R0	YALI0E07095g1_1	1	0	1	3	0	2	2	1	1	0	1
YALI1_D17593g	Q6C940	YALI0D14454g1_1	1	0	1	1	1	2	1	1	2	1	1
YALI1_B21774g	Q6CEC7	YALI0B16698g1_1	2	0	1	0	1	2	1	2	1	1	1
YALI1_F22908g	Q6C1E0	YALI0F17138g1_1	1	0	2	2	0	0	4	0	3	0	0
YALI1_B03335g	Q6CFZ4	YALI0B02244g1_1	0	1	0	4	1	0	3	0	3	0	0
YALI1_A03964g	Q6CHX5	YALI0A03773g1_1	0	0	2	0	0	1	1	0	1	0	0
YALI1_B21714g	Q6CEC9	YALI0B16654g1_1	1	0	0	0	0	0	2	0	1	1	0
YALI1_A20902g	Q6CGF3	YALI0A19822g1_1	0	0	1	0	0	2	0	2	0	0	0
YALI1_F09803g	Q6C2M3	YALI0F06644g1_1	1	0	1	0	0	0	2	0	1	0	0
YALI1_E34942g	Q6C456	YALI0E29535g1_1	0	0	0	2	1	0	1	0	1	0	0
YALI1_F29937g	Q6C0P9	YALI0F22737g1_1	0	0	0	1	0	0	2	1	1	0	0
YALI1_D15902g	Q6C9A4	YALI0D12727g1_1	0	0	1	0	0	2	0	1	0	0	1
YALI1_C18948t			0	1	0	0	1	1	0	0	0	2	0
YALI1_D16672g	Q6C973	YALI0D13486g1_1	0	0	0	1	0	0	2	2	0	0	0
YALI1_E16820g	Q6C5Z5	YALI0E13794g1_1	0	0	1	0	0	0	2	0	0	1	1
YALI1_D12342g	Q6C9N3	YALI0D09757g1_1	0	0	0	2	0	0	2	0	1	0	0
YALI1_E27196g	Q6C4X1	YALI0E23045g1_1	1	1	2	1	1	2	2	2	3	2	1
YALI1_C31243g			2	2	3	1	2	2	1	0	2	2	1
YALI1_E00746g	Q6C7J2	YALI0E00396g1_1	1	0	0	1	1	0	1	2	0	0	2
YALI1_E34621g	Q6C468	YALI0E29293g1_1	1	0	0	1	0	0	2	2	1	1	0
YALI1_E05309g	Q6C724	YALI0E04378g1_1	1	1	0	0	0	2	0	1	1	2	0
YALI1_F35591g	Q6C043	YALI0F27929g1_1	1	1	3	2	3	1	4	1	2	2	3
YALI1_E13287g	Q6C6D1	YALI0E10461g1_1	2	1	3	3	2	2	4	2	3	2	0
YALI1_E12987g	Q6C6D8	YALI0E10307g1_1	2	3	1	1	2	1	5	2	1	4	2
YALI1_F27237g	Q6C0Z5	YALI0F20526g1_1	1	1	2	2	0	0	5	0	1	0	3
YALI1_B19390g	Q6CEL3	YALI0B14773g1_1	1	0	2	1	1	1	3	2	1	1	2
YALI1_B28830g	Q6CDQ3	YALI0B22154g1_1	0	2	2	2	2	3	0	2	4	1	2
YALI1_F38339g	Q6BZV0	YALI0F30701g1_1	2	2	1	1	2	3	2	2	2	2	2
YALI1_C30086g	B5FVD3	YALI0C21789g1_1	1	0	1	4	0	1	4	3	2	3	1
YALI1_D03865g	Q6CAG1	YALI0D03069g1_1	3	1	3	2	1	2	2	1	2	2	1
YALI1_B15655g	Q6CEY6	YALI0B11836g1_1	2	2	1	2	3	2	1	1	1	1	2
YALI1_E31075g	Q6C4J6	YALI0E26235g1_1	0	1	1	3	1	2	3	1	2	1	3
YALI1_F15449g	Q6C214	YALI0F11693g1_1	2	1	4	0	1	2	4	1	2	2	1
YALI1_D31083g	Q6C801	YALI0D23925g1_1	4	2	2	1	3	3	0	2	2	0	2
YALI1_E36098g	Q6C410	YALI0E30723g1_1	1	1	1	2	2	2	2	0	3	2	1
YALI1_F03973g	Q6C347	YALI0F02695g1_1	3	3	2	2	2	1	2	0	3	3	2
YALI1_E20626g	Q6C5K3	YALI0E17347g1_1	1	1	1	1	0	1	1	1	1	2	1
YALI1_E10013g	Q6C6M4	YALI0E08206g1_1	1	0	0	1	1	1	1	1	2	0	0
YALI1_B08851g			0	0	3	0	0	2	1	0	0	0	2
YALI1_D17370g	Q6C949	YALI0D14080g1_1	0	0	3	0	1	2	0	0	1	1	0
YALI1_D14125g	Q6C9H2	YALI0D11242g1_1	0	0	2	0	1	0	2	1	1	1	0
YALI1_F39009g	Q6BZS1	YALI0F31339g1_1	0	1	0	2	1	1	1	1	1	0	0
YALI1_D15937g	Q6C9A3	YALI0D12749g1_1	0	0	2	0	1	2	0	0	2	0	1
YALI1_E37764g	Q6C3V7	YALI0E31797g1_1	0	2	1	0	2	0	1	0	0	1	1
YALI1_F31934g	F2Z686	YALI0F24563g1_1	1	0	1	1	1	0	2	0	1	1	0
YALI1_A02263g	Q6CI43	YALI0A01892g1_1	1	1	2	1	1	2	2	1	1	1	1
YALI1_B30214g	Q6CDK0	YALI0B23342g1_1	2	0	1	1	1	4	0	0	2	2	1
YALI1_B14686g	Q6CF19	YALI0B11022g1_1	1	1	1	1	1	1	2	1	1	1	0
YALI1_E23899g	Q6C593	YALI0E20009g1_1	1	1	1	1	3	0	1	0	2	1	0
YALI1_F07675g	Q6C2U5	YALI0F05082g1_1	0	1	0	2	1	0	0	1	0	1	0
YALI1_E38208g	Q6C3T6		0	0	1	1	0	0	1	1	0	0	2
YALI1_D26467g	Q6C8C3	YALI0D20856g1_1	0	0	0	2	1	0	0	0	2	1	0
YALI1_C33314g	Q6CAU4	YALI0C24277g1_1	0	1	2	0	0	0	1	1	0	1	0
YALI1_A21913g	Q6CGA7	YALI0A20834g1_1	1	2	3	2	1	2	1	2	2	2	2
YALI1_A18036g			1	3	2	2	0	2	2	3	1	0	2
YALI1_F35489g	Q6C046	YALI0F27863g1_1	1	1	2	0	2	0	1	0	2	4	0
YALI1_C22835g	Q6CBS9	YALI0C15851g1_1	2	2	1	1	1	1	1	1	1	1	1
YALI1_A21630g	Q6CGB7	YALI0A20614g1_1	2	1	1	1	0	2	1	0	2	1	0
YALI1_F34928g	Q6C061	YALI0F27533g1_1	0	3	2	0	1	1	1	2	1	0	0
YALI1_F17004g	Q6C1X4	YALI0F12661g1_1	2	1	2	3	1	1	2	2	1	1	3
YALI1_D03904g	Q6CAF9	YALI0D03113g1_1	2	1	2	2	2	1	1	2	2	2	2
YALI1_E07306g	Q6C6V0	YALI0E06039g1_1	0	1	3	2	1	0	2	2	1	2	1
YALI1_A20849g	Q6CGF6	YALI0A19756g1_1	1	0	2	1	0	2	2	3	2	0	1
YALI1_B20521g	Q6CEH2	YALI0B15642g1_1	2	1	2	1	0	3	1	1	1	1	1
YALI1_B11759g	Q6CFB1	YALI0B08734g1_1	0	0	1	0	0	0	1	0	0	0	2
YALI1_C19840g	Q6CBZ6	YALI0C14058g1_1	0	0	0	2	0	0	1	0	1	0	0
YALI1_D10886g	Q6C9T6	YALI0D08492g1_1	1	1	2	2	1	1	1	1	2	2	0
YALI1_C29902g	Q6CB63	YALI0C21604g1_1	0	2	0	2	1	0	1	0	3	1	0
YALI1_F23414g	Q6C1B8	YALI0F17622g1_1	0	1	1	2	0	1	1	0	1	2	1
YALI1_B02228g	Q6CG31	YALI0B01320g1_1	2	0	2	0	1	0	1	1	1	1	1
YALI1_B03719g	Q6CFY9	YALI0B02376g1_1	0	2	0	1	0	1	1	0	2	2	0
YALI1_E03941g	Q6C770	YALI0E03278g1_1	2	0	1	1	0	2	0	0	2	1	0
YALI1_F14793g	Q6C238	YALI0F11143g1_1	1	1	1	1	1	0	1	1	0	0	2
YALI1_B16410g	Q6CEW1	YALI0B12452g1_1	2	1	0	1	0	1	1	1	1	0	1
YALI1_E34784g	Q6C462	YALI0E29403g1_1	0	0	0	3	0	1	1	2	0	2	0
YALI1_E17014g	Q6C5Y9	YALI0E13970g1_1	2	1	0	0	0	0	2	0	2	0	0
YALI1_C06548g	Q6CD00	YALI0C05126g1_1	0	1	0	1	1	1	0	1	0	2	0
YALI1_A03351g	Q6CI01	YALI0A02937g1_1	2	0	0	1	1	0	1	1	0	0	1
YALI1_C21401g	Q6CBV7	YALI0C15136g1_1	1	0	0	1	1	0	0	0	0	0	2
YALI1_A14199g	Q6CH06	YALI0A14388g1_1	0	0	0	2	0	0	1	0	1	0	1
YALI1_E18514g	Q6C5T0	YALI0E15466g1_1	0	2	0	0	0	1	0	0	0	2	0
YALI1_C07670g	Q6CCW5	YALI0C05973g1_1	1	0	0	1	0	0	1	0	0	0	2
YALI1_A16215g	Q6CGT7	YALI0A16291g1_1	0	0	2	0	0	0	1	0	0	0	2